  VARBC version 1.0 - Number of instruments: 
 12
 ------------------------------------------------
 Platform_id  Sat_id  Sensor_id  Nchanl  Npredmax
 ------------------------------------------------
 1 15 3 15 8
  -----> Bias predictor statistics:  Mean & Std & Nbgerr
       1.0    9281.9   11619.0     294.4      30.5       7.2      80.0    1107.7
       0.0     147.2     172.9       6.7      11.9       5.4     104.1    1955.8
     10000     10000     10000     10000     10000     10000     10000     10000
  -----> Chanl_id Chanl_nb  Pred_use(-1/0/1)  Param
   1     1  0  0  0  0  0  0  0  0   4.457  -0.211  -0.054   0.213  -0.101   1.770  -0.283  -0.794
   2     2  0  0  0  0  0  0  0  0   4.457  -0.211  -0.054   0.213  -0.101   1.770  -0.283  -0.794
   3     3  0  0  0  0  0  0  0  0   4.457  -0.211  -0.054   0.213  -0.101   1.770  -0.283  -0.794
   4     4  0  0  0  0  0  0  0  0   4.457  -0.211  -0.054   0.213  -0.101   1.770  -0.283  -0.794
   5     5  0  0  0  0  0  0  0  0   4.457  -0.211  -0.054   0.213  -0.101   1.770  -0.283  -0.794
   6     6  0  0  0  0  0  0  0  0   1.195   0.009  -0.048   0.082  -0.055  -1.055   0.894  -0.481
   7     7  0  0  0  0  0  0  0  0   1.653   0.037  -0.072   0.066  -0.097  -1.610   0.345   0.302
   8     8  0  0  0  0  0  0  0  0   0.582   0.253  -0.041  -0.042  -0.031  -0.803   0.227   0.076
   9     9  0  0  0  0  0  0  0  0   1.696  -0.085  -0.265   0.164  -0.152   0.080  -0.876   0.257
  10    10  0  0  0  0  0  0  0  0   1.696  -0.085  -0.265   0.164  -0.152   0.080  -0.876   0.257
  11    11  0  0  0  0  0  0  0  0   1.696  -0.085  -0.265   0.164  -0.152   0.080  -0.876   0.257
  12    12  0  0  0  0  0  0  0  0   1.696  -0.085  -0.265   0.164  -0.152   0.080  -0.876   0.257
  13    13  0  0  0  0  0  0  0  0   1.696  -0.085  -0.265   0.164  -0.152   0.080  -0.876   0.257
  14    14  0  0  0  0  0  0  0  0   1.696  -0.085  -0.265   0.164  -0.152   0.080  -0.876   0.257
  15    15  0  0  0  0  0  0  0  0   1.696  -0.085  -0.265   0.164  -0.152   0.080  -0.876   0.257
 ------------------------------------------------
 Platform_id  Sat_id  Sensor_id  Nchanl  Npredmax
 ------------------------------------------------
 1 16 3 15 8
  -----> Bias predictor statistics:  Mean & Std & Nbgerr
       1.0    9297.9   11421.4     297.7      33.7      13.7     269.4    6111.7
       0.0     184.5     228.6       5.9      11.5       9.0     276.4    7844.2
     10000     10000     10000     10000     10000     10000     10000     10000
  -----> Chanl_id Chanl_nb  Pred_use(-1/0/1)  Param
   1     1  0  0  0  0  0  0  0  0   4.005   0.295  -0.208  -0.018  -0.005   3.615  -1.856  -1.841
   2     2  0  0  0  0  0  0  0  0   4.005   0.295  -0.208  -0.018  -0.005   3.615  -1.856  -1.841
   3     3  0  0  0  0  0  0  0  0   4.005   0.295  -0.208  -0.018  -0.005   3.615  -1.856  -1.841
   4     4  0  0  0  0  0  0  0  0   4.005   0.295  -0.208  -0.018  -0.005   3.615  -1.856  -1.841
   5     5  0  0  0  0  0  0  0  0   4.005   0.295  -0.208  -0.018  -0.005   3.615  -1.856  -1.841
   6     6  0  0  0  0  0  0  0  0   1.238   0.505  -0.218  -0.057  -0.027  -0.884   1.095  -0.241
   7     7  0  0  0  0  0  0  0  0   0.487   0.456  -0.179  -0.142   0.028  -2.095   1.520   0.657
   8     8  0  0  0  0  0  0  0  0   0.235   0.233  -0.161  -0.125   0.083  -1.252   0.674   0.915
   9     9  0  0  0  0  0  0  0  0   2.058   0.276  -0.487   0.067   0.132   0.717  -1.035   0.578
  10    10  0  0  0  0  0  0  0  0   2.058   0.276  -0.487   0.067   0.132   0.717  -1.035   0.578
  11    11  0  0  0  0  0  0  0  0   2.058   0.276  -0.487   0.067   0.132   0.717  -1.035   0.578
  12    12  0  0  0  0  0  0  0  0   2.058   0.276  -0.487   0.067   0.132   0.717  -1.035   0.578
  13    13  0  0  0  0  0  0  0  0   2.058   0.276  -0.487   0.067   0.132   0.717  -1.035   0.578
  14    14  0  0  0  0  0  0  0  0   2.058   0.276  -0.487   0.067   0.132   0.717  -1.035   0.578
  15    15  0  0  0  0  0  0  0  0   2.058   0.276  -0.487   0.067   0.132   0.717  -1.035   0.578
 ------------------------------------------------
 Platform_id  Sat_id  Sensor_id  Nchanl  Npredmax
 ------------------------------------------------
 1 18 3 15 8
  -----> Bias predictor statistics:  Mean & Std & Nbgerr
       1.0    9297.9   11421.4     297.7      33.7      13.7     269.4    6111.7
       0.0     184.5     228.6       5.9      11.5       9.0     276.4    7844.2
     10000     10000     10000     10000     10000     10000     10000     10000
  -----> Chanl_id Chanl_nb  Pred_use(-1/0/1)  Param
   1     1  0  0  0  0  0  0  0  0   4.005   0.295  -0.208  -0.018  -0.005   3.615  -1.856  -1.841
   2     2  0  0  0  0  0  0  0  0   4.005   0.295  -0.208  -0.018  -0.005   3.615  -1.856  -1.841
   3     3  0  0  0  0  0  0  0  0   4.005   0.295  -0.208  -0.018  -0.005   3.615  -1.856  -1.841
   4     4  0  0  0  0  0  0  0  0   4.005   0.295  -0.208  -0.018  -0.005   3.615  -1.856  -1.841
   5     5  0  0  0  0  0  0  0  0   4.005   0.295  -0.208  -0.018  -0.005   3.615  -1.856  -1.841
   6     6  0  0  0  0  0  0  0  0   1.238   0.505  -0.218  -0.057  -0.027  -0.884   1.095  -0.241
   7     7  0  0  0  0  0  0  0  0   0.487   0.456  -0.179  -0.142   0.028  -2.095   1.520   0.657
   8     8  0  0  0  0  0  0  0  0   0.235   0.233  -0.161  -0.125   0.083  -1.252   0.674   0.915
   9     9  0  0  0  0  0  0  0  0   2.058   0.276  -0.487   0.067   0.132   0.717  -1.035   0.578
  10    10  0  0  0  0  0  0  0  0   2.058   0.276  -0.487   0.067   0.132   0.717  -1.035   0.578
  11    11  0  0  0  0  0  0  0  0   2.058   0.276  -0.487   0.067   0.132   0.717  -1.035   0.578
  12    12  0  0  0  0  0  0  0  0   2.058   0.276  -0.487   0.067   0.132   0.717  -1.035   0.578
  13    13  0  0  0  0  0  0  0  0   2.058   0.276  -0.487   0.067   0.132   0.717  -1.035   0.578
  14    14  0  0  0  0  0  0  0  0   2.058   0.276  -0.487   0.067   0.132   0.717  -1.035   0.578
  15    15  0  0  0  0  0  0  0  0   2.058   0.276  -0.487   0.067   0.132   0.717  -1.035   0.578
 ------------------------------------------------
 Platform_id  Sat_id  Sensor_id  Nchanl  Npredmax
 ------------------------------------------------
 10 2 3 15 8
  -----> Bias predictor statistics:  Mean & Std & Nbgerr
       1.0    9297.9   11421.4     297.7      33.7      13.7     269.4    6111.7
       0.0     184.5     228.6       5.9      11.5       9.0     276.4    7844.2
     10000     10000     10000     10000     10000     10000     10000     10000
  -----> Chanl_id Chanl_nb  Pred_use(-1/0/1)  Param
   1     1  0  0  0  0  0  0  0  0   4.005   0.295  -0.208  -0.018  -0.005   3.615  -1.856  -1.841
   2     2  0  0  0  0  0  0  0  0   4.005   0.295  -0.208  -0.018  -0.005   3.615  -1.856  -1.841
   3     3  0  0  0  0  0  0  0  0   4.005   0.295  -0.208  -0.018  -0.005   3.615  -1.856  -1.841
   4     4  0  0  0  0  0  0  0  0   4.005   0.295  -0.208  -0.018  -0.005   3.615  -1.856  -1.841
   5     5  0  0  0  0  0  0  0  0   4.005   0.295  -0.208  -0.018  -0.005   3.615  -1.856  -1.841
   6     6  0  0  0  0  0  0  0  0   1.238   0.505  -0.218  -0.057  -0.027  -0.884   1.095  -0.241
   7     7  0  0  0  0  0  0  0  0   0.487   0.456  -0.179  -0.142   0.028  -2.095   1.520   0.657
   8     8  0  0  0  0  0  0  0  0   0.235   0.233  -0.161  -0.125   0.083  -1.252   0.674   0.915
   9     9  0  0  0  0  0  0  0  0   2.058   0.276  -0.487   0.067   0.132   0.717  -1.035   0.578
  10    10  0  0  0  0  0  0  0  0   2.058   0.276  -0.487   0.067   0.132   0.717  -1.035   0.578
  11    11  0  0  0  0  0  0  0  0   2.058   0.276  -0.487   0.067   0.132   0.717  -1.035   0.578
  12    12  0  0  0  0  0  0  0  0   2.058   0.276  -0.487   0.067   0.132   0.717  -1.035   0.578
  13    13  0  0  0  0  0  0  0  0   2.058   0.276  -0.487   0.067   0.132   0.717  -1.035   0.578
  14    14  0  0  0  0  0  0  0  0   2.058   0.276  -0.487   0.067   0.132   0.717  -1.035   0.578
  15    15  0  0  0  0  0  0  0  0   2.058   0.276  -0.487   0.067   0.132   0.717  -1.035   0.578
 ------------------------------------------------
 Platform_id  Sat_id  Sensor_id  Nchanl  Npredmax
 ------------------------------------------------
 1 15 4 5 8
  -----> Bias predictor statistics:  Mean & Std & Nbgerr
       1.0    9279.4   11625.1     294.3      30.4      20.7     703.6   29535.0
       0.0     152.7     163.7       6.8      12.5      16.6     945.7   53363.9
     10000     10000     10000     10000     10000     10000     10000     10000
  -----> Chanl_id Chanl_nb  Pred_use(-1/0/1)  Param
   1     1  0  0  0  0  0  0  0  0   8.995   1.633   0.121   4.111  -1.963  -1.314   5.795  -2.646
   2     2  0  0  0  0  0  0  0  0   8.995   1.633   0.121   4.111  -1.963  -1.314   5.795  -2.646
   3     3  0  0  0  0  0  0  0  0   8.995   1.633   0.121   4.111  -1.963  -1.314   5.795  -2.646
   4     4  0  0  0  0  0  0  0  0   3.321   0.371  -1.303   1.339  -0.457  16.761 -17.252   5.303
   5     5  0  0  0  0  0  0  0  0   3.439  -0.617  -1.034   1.374  -0.928  -4.139   7.309  -2.178
 ------------------------------------------------
 Platform_id  Sat_id  Sensor_id  Nchanl  Npredmax
 ------------------------------------------------
 1 16 4 5 8
  -----> Bias predictor statistics:  Mean & Std & Nbgerr
       1.0    9340.6   11468.1     297.7      38.1      43.5    2647.7  184372.6
       0.0     144.3     122.7       5.9      11.5      27.5    2588.9  223562.0
     10000     10000     10000     10000     10000     10000     10000     10000
  -----> Chanl_id Chanl_nb  Pred_use(-1/0/1)  Param
   1     1  0  0  0  0  0  0  0  0   8.995   1.633   0.121   4.111  -1.963  -1.314   5.795  -2.646
   2     2  0  0  0  0  0  0  0  0   8.995   1.633   0.121   4.111  -1.963  -1.314   5.795  -2.646
   3     3  0  0  0  0  0  0  0  0   4.308  -1.406   0.210   2.250   0.538   3.227  -4.057   1.333
   4     4  0  0  0  0  0  0  0  0   3.403  -0.786   0.049   1.880   0.615   1.483  -0.080  -1.417
   5     5  0  0  0  0  0  0  0  0   0.482  -0.939   0.107   2.587   0.215  -2.675   5.244  -2.241
 ------------------------------------------------
 Platform_id  Sat_id  Sensor_id  Nchanl  Npredmax
 ------------------------------------------------
 1 17 4 5 8
  -----> Bias predictor statistics:  Mean & Std & Nbgerr
       1.0    9340.6   11468.1     297.7      38.1      43.5    2647.7  184372.6
       0.0     144.3     122.7       5.9      11.5      27.5    2588.9  223562.0
     10000     10000     10000     10000     10000     10000     10000     10000
  -----> Chanl_id Chanl_nb  Pred_use(-1/0/1)  Param
   1     1  0  0  0  0  0  0  0  0   8.995   1.633   0.121   4.111  -1.963  -1.314   5.795  -2.646
   2     2  0  0  0  0  0  0  0  0   8.995   1.633   0.121   4.111  -1.963  -1.314   5.795  -2.646
   3     3  0  0  0  0  0  0  0  0   4.308  -1.406   0.210   2.250   0.538   3.227  -4.057   1.333
   4     4  0  0  0  0  0  0  0  0   3.403  -0.786   0.049   1.880   0.615   1.483  -0.080  -1.417
   5     5  0  0  0  0  0  0  0  0   0.482  -0.939   0.107   2.587   0.215  -2.675   5.244  -2.241
 ------------------------------------------------
 Platform_id  Sat_id  Sensor_id  Nchanl  Npredmax
 ------------------------------------------------
 1 18 15 5 8
  -----> Bias predictor statistics:  Mean & Std & Nbgerr
       1.0    9340.6   11468.1     297.7      38.1      43.5    2647.7  184372.6
       0.0     144.3     122.7       5.9      11.5      27.5    2588.9  223562.0
     10000     10000     10000     10000     10000     10000     10000     10000
  -----> Chanl_id Chanl_nb  Pred_use(-1/0/1)  Param
   1     1  0  0  0  0  0  0  0  0   8.995   1.633   0.121   4.111  -1.963  -1.314   5.795  -2.646
   2     2  0  0  0  0  0  0  0  0   8.995   1.633   0.121   4.111  -1.963  -1.314   5.795  -2.646
   3     3  0  0  0  0  0  0  0  0   4.308  -1.406   0.210   2.250   0.538   3.227  -4.057   1.333
   4     4  0  0  0  0  0  0  0  0   3.403  -0.786   0.049   1.880   0.615   1.483  -0.080  -1.417
   5     5  0  0  0  0  0  0  0  0   0.482  -0.939   0.107   2.587   0.215  -2.675   5.244  -2.241
 ------------------------------------------------
 Platform_id  Sat_id  Sensor_id  Nchanl  Npredmax
 ------------------------------------------------
 10 2 15 5 8
  -----> Bias predictor statistics:  Mean & Std & Nbgerr
       1.0    9340.6   11468.1     297.7      38.1      43.5    2647.7  184372.6
       0.0     144.3     122.7       5.9      11.5      27.5    2588.9  223562.0
     10000     10000     10000     10000     10000     10000     10000     10000
  -----> Chanl_id Chanl_nb  Pred_use(-1/0/1)  Param
   1     1  0  0  0  0  0  0  0  0   8.995   1.633   0.121   4.111  -1.963  -1.314   5.795  -2.646
   2     2  0  0  0  0  0  0  0  0   8.995   1.633   0.121   4.111  -1.963  -1.314   5.795  -2.646
   3     3  0  0  0  0  0  0  0  0   4.308  -1.406   0.210   2.250   0.538   3.227  -4.057   1.333
   4     4  0  0  0  0  0  0  0  0   3.403  -0.786   0.049   1.880   0.615   1.483  -0.080  -1.417
   5     5  0  0  0  0  0  0  0  0   0.482  -0.939   0.107   2.587   0.215  -2.675   5.244  -2.241
 ------------------------------------------------
 Platform_id  Sat_id  Sensor_id  Nchanl  Npredmax
 ------------------------------------------------
 2 16 10 24 5
  -----> Bias predictor statistics:  Mean & Std & Nbgerr
       1.0    9281.9   11619.0     294.4      30.5       7.2      80.0    1107.7
       0.0     147.2     172.9       6.7      11.9       5.4     104.1    1955.8
     10000     10000     10000     10000     10000     10000     10000     10000
  -----> Chanl_id Chanl_nb  Pred_use(-1/0/1)  Param
   1     1  0  0  0  0  0 -1 -1 -1   8.995   1.633   0.121   4.111  -1.963  -1.314   5.795  -2.646
   2     2  0  0  0  0  0 -1 -1 -1   8.995   1.633   0.121   4.111  -1.963  -1.314   5.795  -2.646
   3     3  0  0  0  0  0 -1 -1 -1   4.457  -0.211  -0.054   0.213  -0.101   1.770  -0.283  -0.794
   4     4  0  0  0  0  0 -1 -1 -1   4.457  -0.211  -0.054   0.213  -0.101   1.770  -0.283  -0.794
   5     5  0  0  0  0  0 -1 -1 -1   4.457  -0.211  -0.054   0.213  -0.101   1.770  -0.283  -0.794
   6     6  0  0  0  0  0 -1 -1 -1   1.195   0.009  -0.048   0.082  -0.055  -1.055   0.894  -0.481
   7     7  0  0  0  0  0 -1 -1 -1   1.195   0.009  -0.048   0.082  -0.055  -1.055   0.894  -0.481
   8     8  0  0  0  0  0 -1 -1 -1   1.653   0.037  -0.072   0.066  -0.097  -1.610   0.345   0.302
   9     9  0  0  0  0  0 -1 -1 -1   1.653   0.037  -0.072   0.066  -0.097  -1.610   0.345   0.302
  10    10  0  0  0  0  0 -1 -1 -1   0.582   0.253  -0.041  -0.042  -0.031  -0.803   0.227   0.076
  11    11  0  0  0  0  0 -1 -1 -1   1.696  -0.085  -0.265   0.164  -0.152   0.080  -0.876   0.257
  12    12  0  0  0  0  0 -1 -1 -1   8.995   1.633   0.121   4.111  -1.963  -1.314   5.795  -2.646
  13    13  0  0  0  0  0 -1 -1 -1   8.995   1.633   0.121   4.111  -1.963  -1.314   5.795  -2.646
  14    14  0  0  0  0  0 -1 -1 -1   4.457  -0.211  -0.054   0.213  -0.101   1.770  -0.283  -0.794
  15    15  0  0  0  0  0 -1 -1 -1   4.457  -0.211  -0.054   0.213  -0.101   1.770  -0.283  -0.794
  16    16  0  0  0  0  0 -1 -1 -1   4.457  -0.211  -0.054   0.213  -0.101   1.770  -0.283  -0.794
  17    17  0  0  0  0  0 -1 -1 -1   1.195   0.009  -0.048   0.082  -0.055  -1.055   0.894  -0.481
  18    18  0  0  0  0  0 -1 -1 -1   1.195   0.009  -0.048   0.082  -0.055  -1.055   0.894  -0.481
  19    19  0  0  0  0  0 -1 -1 -1   1.653   0.037  -0.072   0.066  -0.097  -1.610   0.345   0.302
  20    20  0  0  0  0  0 -1 -1 -1   1.653   0.037  -0.072   0.066  -0.097  -1.610   0.345   0.302
  21    21  0  0  0  0  0 -1 -1 -1   0.582   0.253  -0.041  -0.042  -0.031  -0.803   0.227   0.076
  22    22  0  0  0  0  0 -1 -1 -1   1.696  -0.085  -0.265   0.164  -0.152   0.080  -0.876   0.257
  23    23  0  0  0  0  0 -1 -1 -1   0.582   0.253  -0.041  -0.042  -0.031  -0.803   0.227   0.076
  24    24  0  0  0  0  0 -1 -1 -1   1.696  -0.085  -0.265   0.164  -0.152   0.080  -0.876   0.257
 ------------------------------------------------
 Platform_id  Sat_id  Sensor_id  Nchanl  Npredmax
 ------------------------------------------------
 9 2 3 15 8
  -----> Bias predictor statistics:  Mean & Std & Nbgerr
       1.0    9281.9   11619.0     294.4      30.5       7.2      80.0    1107.7
       0.0     147.2     172.9       6.7      11.9       5.4     104.1    1955.8
     10000     10000     10000     10000     10000     10000     10000     10000
  -----> Chanl_id Chanl_nb  Pred_use(-1/0/1)  Param
   1     1  0  0  0  0  0  0  0  0   4.457  -0.211  -0.054   0.213  -0.101   1.770  -0.283  -0.794
   2     2  0  0  0  0  0  0  0  0   4.457  -0.211  -0.054   0.213  -0.101   1.770  -0.283  -0.794
   3     3  0  0  0  0  0  0  0  0   4.457  -0.211  -0.054   0.213  -0.101   1.770  -0.283  -0.794
   4     4  0  0  0  0  0  0  0  0   4.457  -0.211  -0.054   0.213  -0.101   1.770  -0.283  -0.794
   5     5  0  0  0  0  0  0  0  0   4.457  -0.211  -0.054   0.213  -0.101   1.770  -0.283  -0.794
   6     6  0  0  0  0  0  0  0  0   1.195   0.009  -0.048   0.082  -0.055  -1.055   0.894  -0.481
   7     7  0  0  0  0  0  0  0  0   1.653   0.037  -0.072   0.066  -0.097  -1.610   0.345   0.302
   8     8  0  0  0  0  0  0  0  0   0.582   0.253  -0.041  -0.042  -0.031  -0.803   0.227   0.076
   9     9  0  0  0  0  0  0  0  0   1.696  -0.085  -0.265   0.164  -0.152   0.080  -0.876   0.257
  10    10  0  0  0  0  0  0  0  0   1.696  -0.085  -0.265   0.164  -0.152   0.080  -0.876   0.257
  11    11  0  0  0  0  0  0  0  0   1.696  -0.085  -0.265   0.164  -0.152   0.080  -0.876   0.257
  12    12  0  0  0  0  0  0  0  0   1.696  -0.085  -0.265   0.164  -0.152   0.080  -0.876   0.257
  13    13  0  0  0  0  0  0  0  0   1.696  -0.085  -0.265   0.164  -0.152   0.080  -0.876   0.257
  14    14  0  0  0  0  0  0  0  0   1.696  -0.085  -0.265   0.164  -0.152   0.080  -0.876   0.257
  15    15  0  0  0  0  0  0  0  0   1.696  -0.085  -0.265   0.164  -0.152   0.080  -0.876   0.257
 ------------------------------------------------
 Platform_id  Sat_id  Sensor_id  Nchanl  Npredmax
 ------------------------------------------------
 9 2 11 281 9
  -----> Bias predictor statistics:  Mean & Std & Nbgerr
       0.0       0.0       0.0       0.0       0.0       0.0       0.0       0.0       0.0
       0.0       0.0       0.0       0.0       0.0       0.0       0.0       0.0       0.0
  10000 10000 10000 10000 10000 10000 10000 10000 10000
  -----> Chanl_id Chanl_nb  Pred_use(-1/0/1)  Param
   1     1  0 -1 -1 -1 -1  0  0  0 -1  -3.500   0.000   0.000   0.000
   2     6  0 -1 -1 -1 -1  0  0  0 -1   0.000   0.000   0.000   0.000
   3     7  0 -1 -1 -1 -1  0  0  0 -1   -4.065  -0.229  -0.036   0.454
   4    10  0 -1 -1 -1 -1  0  0  0 -1   0.400   0.000   0.000   0.000
   5    11  0 -1 -1 -1 -1  0  0  0 -1   1.600   0.000   0.000   0.000
   6    15  0 -1 -1 -1 -1  0  0  0 -1   -8.858  -1.073  -0.409   2.544
   7    16  0 -1 -1 -1 -1  0  0  0 -1  -3.300   0.000   0.000   0.000
   8    17  0 -1 -1 -1 -1  0  0  0 -1   3.300   0.000   0.000   0.000
   9    20  0 -1 -1 -1 -1  0  0  0 -1   -0.257  -0.208  -0.035   0.277
  10    21  0 -1 -1 -1 -1  0  0  0 -1   -0.793  -0.102  -0.002   0.249
  11    22  0 -1 -1 -1 -1  0  0  0 -1    0.062   0.066  -0.003  -0.010
  12    24  0 -1 -1 -1 -1  0  0  0 -1   0.700   0.000   0.000   0.000
  13    27  0 -1 -1 -1 -1  0  0  0 -1   -0.503  -0.148  -0.025   0.374
  14    28  0 -1 -1 -1 -1  0  0  0 -1   -3.494  -0.250  -0.055   0.680
  15    30  0 -1 -1 -1 -1  0  0  0 -1   3.400   0.000   0.000   0.000
  16    36  0 -1 -1 -1 -1  0  0  0 -1   2.900   0.000   0.000   0.000
  17    39  0 -1 -1 -1 -1  0  0  0 -1   0.000   0.000   0.000   0.000
  18    40  0 -1 -1 -1 -1  0  0  0 -1   -4.349  -0.167  -0.040   0.397
  19    42  0 -1 -1 -1 -1  0  0  0 -1   1.900   0.000   0.000   0.000
  20    51  0 -1 -1 -1 -1  0  0  0 -1  -1.900   0.000   0.000   0.000
  21    52  0 -1 -1 -1 -1  0  0  0 -1    0.279  -0.141  -0.033   0.306
  22    54  0 -1 -1 -1 -1  0  0  0 -1   7.500   0.000   0.000   0.000
  23    55  0 -1 -1 -1 -1  0  0  0 -1   3.700   0.000   0.000   0.000
  24    56  0 -1 -1 -1 -1  0  0  0 -1   1.500   0.000   0.000   0.000
  25    59  0 -1 -1 -1 -1  0  0  0 -1  -0.700   0.000   0.000   0.000
  26    62  0 -1 -1 -1 -1  0  0  0 -1  -3.600   0.000   0.000   0.000
  27    63  0 -1 -1 -1 -1  0  0  0 -1  -1.200   0.000   0.000   0.000
  28    68  0 -1 -1 -1 -1  0  0  0 -1  -1.800   0.000   0.000   0.000
  29    69  0 -1 -1 -1 -1  0  0  0 -1   -0.102  -0.208  -0.056   0.516
  30    71  0 -1 -1 -1 -1  0  0  0 -1  -2.600   0.000   0.000   0.000
  31    72  0 -1 -1 -1 -1  0  0  0 -1   -2.488  -0.463  -0.152   1.276
  32    73  0 -1 -1 -1 -1  0  0  0 -1   8.100   0.000   0.000   0.000
  33    74  0 -1 -1 -1 -1  0  0  0 -1   0.000   0.000   0.000   0.000
  34    75  0 -1 -1 -1 -1  0  0  0 -1   0.000   0.000   0.000   0.000
  35    76  0 -1 -1 -1 -1  0  0  0 -1   0.000   0.000   0.000   0.000
  36    77  0 -1 -1 -1 -1  0  0  0 -1   0.000   0.000   0.000   0.000
  37    78  0 -1 -1 -1 -1  0  0  0 -1   9.700   0.000   0.000   0.000
  38    79  0 -1 -1 -1 -1  0  0  0 -1   7.800   0.000   0.000   0.000
  39    80  0 -1 -1 -1 -1  0  0  0 -1   4.500   0.000   0.000   0.000
  40    82  0 -1 -1 -1 -1  0  0  0 -1   5.800   0.000   0.000   0.000
  41    83  0 -1 -1 -1 -1  0  0  0 -1   4.600   0.000   0.000   0.000
  42    84  0 -1 -1 -1 -1  0  0  0 -1   0.400   0.000   0.000   0.000
  43    86  0 -1 -1 -1 -1  0  0  0 -1  -5.300   0.000   0.000   0.000
  44    92  0 -1 -1 -1 -1  0  0  0 -1   -9.979  -0.797  -0.229   1.096
  45    93  0 -1 -1 -1 -1  0  0  0 -1   -5.422  -0.308  -0.063   0.740
  46    98  0 -1 -1 -1 -1  0  0  0 -1   -8.063  -0.738  -1.113   3.414
  47    99  0 -1 -1 -1 -1  0  0  0 -1   -5.561  -0.518  -0.116   1.263
  48   101  0 -1 -1 -1 -1  0  0  0 -1   1.900   0.000   0.000   0.000
  49   104  0 -1 -1 -1 -1  0  0  0 -1   -6.559  -0.626  -0.149   1.479
  50   105  0 -1 -1 -1 -1  0  0  0 -1   -4.747  -0.408  -0.061   0.886
  51   108  0 -1 -1 -1 -1  0  0  0 -1   2.700   0.000   0.000   0.000
  52   110  0 -1 -1 -1 -1  0  0  0 -1   -6.027  -0.433  -0.133   1.189
  53   111  0 -1 -1 -1 -1  0  0  0 -1   -4.488  -0.415  -0.096   1.129
  54   113  0 -1 -1 -1 -1  0  0  0 -1   3.400   0.000   0.000   0.000
  55   116  0 -1 -1 -1 -1  0  0  0 -1   -3.907  -0.102  -0.040   0.362
  56   117  0 -1 -1 -1 -1  0  0  0 -1   -4.978  -0.453  -0.119   1.213
  57   123  0 -1 -1 -1 -1  0  0  0 -1   -4.606  -0.443  -0.093   1.037
  58   124  0 -1 -1 -1 -1  0  0  0 -1  -2.900   0.000   0.000   0.000
  59   128  0 -1 -1 -1 -1  0  0  0 -1   -3.851  -0.062  -0.020   0.163
  60   129  0 -1 -1 -1 -1  0  0  0 -1   -0.800  -0.110  -0.017   0.280
  61   138  0 -1 -1 -1 -1  0  0  0 -1   -5.155  -0.009  -0.049   0.305
  62   139  0 -1 -1 -1 -1  0  0  0 -1   -4.237   0.093   0.000  -0.052
  63   144  0 -1 -1 -1 -1  0  0  0 -1   -1.449   0.028   0.002   0.028
  64   145  0 -1 -1 -1 -1  0  0  0 -1   -2.997  -0.085  -0.034   0.246
  65   150  0 -1 -1 -1 -1  0  0  0 -1   -0.673  -0.043  -0.022   0.129
  66   151  0 -1 -1 -1 -1  0  0  0 -1   -1.726   0.065  -0.003  -0.094
  67   156  0 -1 -1 -1 -1  0  0  0 -1   -1.066   0.102   0.001  -0.116
  68   157  0 -1 -1 -1 -1  0  0  0 -1   -1.418   0.114   0.009  -0.074
  69   159  0 -1 -1 -1 -1  0  0  0 -1   1.300   0.000   0.000   0.000
  70   162  0 -1 -1 -1 -1  0  0  0 -1   -0.744   0.095  -0.003  -0.158
  71   165  0 -1 -1 -1 -1  0  0  0 -1   0.300   0.000   0.000   0.000
  72   168  0 -1 -1 -1 -1  0  0  0 -1   -0.513  -0.022  -0.024   0.082
  73   169  0 -1 -1 -1 -1  0  0  0 -1   -0.947   0.086  -0.007  -0.046
  74   170  0 -1 -1 -1 -1  0  0  0 -1  -0.500   0.000   0.000   0.000
  75   172  0 -1 -1 -1 -1  0  0  0 -1   -0.900   0.244   0.014  -0.343
  76   173  0 -1 -1 -1 -1  0  0  0 -1   -0.045   0.174   0.004  -0.164
  77   174  0 -1 -1 -1 -1  0  0  0 -1   -0.262   0.079  -0.012  -0.055
  78   175  0 -1 -1 -1 -1  0  0  0 -1   -1.401   0.177   0.012  -0.116
  79   177  0 -1 -1 -1 -1  0  0  0 -1  -0.400   0.000   0.000   0.000
  80   179  0 -1 -1 -1 -1  0  0  0 -1    0.030   0.112   0.007  -0.116
  81   180  0 -1 -1 -1 -1  0  0  0 -1   -0.062   0.062  -0.003  -0.036
  82   182  0 -1 -1 -1 -1  0  0  0 -1  -0.400   0.000   0.000   0.000
  83   185  0 -1 -1 -1 -1  0  0  0 -1    0.101   0.086   0.004  -0.010
  84   186  0 -1 -1 -1 -1  0  0  0 -1   -0.420   0.278   0.012  -0.336
  85   190  0 -1 -1 -1 -1  0  0  0 -1    1.250   0.491   0.041  -0.682
  86   192  0 -1 -1 -1 -1  0  0  0 -1    0.103   0.078   0.000   0.014
  87   198  0 -1 -1 -1 -1  0  0  0 -1    0.241  -0.055  -0.007   0.057
  88   201  0 -1 -1 -1 -1  0  0  0 -1    1.160   0.060  -0.007   0.049
  89   204  0 -1 -1 -1 -1  0  0  0 -1    0.584   0.019  -0.003  -0.007
  90   207  0 -1 -1 -1 -1  0  0  0 -1    0.218  -0.025  -0.006   0.131
  91   210  0 -1 -1 -1 -1  0  0  0 -1    4.710   1.162   0.127  -1.212
  92   215  0 -1 -1 -1 -1  0  0  0 -1   0.000   0.000   0.000   0.000
  93   216  0 -1 -1 -1 -1  0  0  0 -1   8.257   1.529   0.258  -2.944
  94   221  0 -1 -1 -1 -1  0  0  0 -1   0.000   0.000   0.000   0.000
  95   226  0 -1 -1 -1 -1  0  0  0 -1   0.000   0.000   0.000   0.000
  96   227  0 -1 -1 -1 -1  0  0  0 -1   0.000   0.000   0.000   0.000
  97   232  0 -1 -1 -1 -1  0  0  0 -1   0.000   0.000   0.000   0.000
  98   252  0 -1 -1 -1 -1  0  0  0 -1   0.000   0.000   0.000   0.000
  99   253  0 -1 -1 -1 -1  0  0  0 -1   0.000   0.000   0.000   0.000
 100   256  0 -1 -1 -1 -1  0  0  0 -1   8.400   0.000   0.000   0.000
 101   257  0 -1 -1 -1 -1  0  0  0 -1   3.482   2.312   0.040   0.713
 102   261  0 -1 -1 -1 -1  0  0  0 -1   0.000   0.000   0.000   0.000
 103   262  0 -1 -1 -1 -1  0  0  0 -1   0.000   0.000   0.000   0.000
 104   267  0 -1 -1 -1 -1  0  0  0 -1   0.000   0.000   0.000   0.000
 105   272  0 -1 -1 -1 -1  0  0  0 -1   0.000   0.000   0.000   0.000
 106   295  0 -1 -1 -1 -1  0  0  0 -1   0.000   0.000   0.000   0.000
 107   299  0 -1 -1 -1 -1  0  0  0 -1   0.000   0.000   0.000   0.000
 108   300  0 -1 -1 -1 -1  0  0  0 -1   0.000   0.000   0.000   0.000
 109   305  0 -1 -1 -1 -1  0  0  0 -1   0.000   0.000   0.000   0.000
 110   310  0 -1 -1 -1 -1  0  0  0 -1   0.000   0.000   0.000   0.000
 111   321  0 -1 -1 -1 -1  0  0  0 -1   0.000   0.000   0.000   0.000
 112   325  0 -1 -1 -1 -1  0  0  0 -1   0.000   0.000   0.000   0.000
 113   333  0 -1 -1 -1 -1  0  0  0 -1   0.000   0.000   0.000   0.000
 114   338  0 -1 -1 -1 -1  0  0  0 -1   0.000   0.000   0.000   0.000
 115   355  0 -1 -1 -1 -1  0  0  0 -1   0.000   0.000   0.000   0.000
 116   362  0 -1 -1 -1 -1  0  0  0 -1   0.000   0.000   0.000   0.000
 117   375  0 -1 -1 -1 -1  0  0  0 -1   0.000   0.000   0.000   0.000
 118   453  0 -1 -1 -1 -1  0  0  0 -1   0.000   0.000   0.000   0.000
 119   475  0 -1 -1 -1 -1  0  0  0 -1   0.000   0.000   0.000   0.000
 120   484  0 -1 -1 -1 -1  0  0  0 -1   0.000   0.000   0.000   0.000
 121   497  0 -1 -1 -1 -1  0  0  0 -1   0.000   0.000   0.000   0.000
 122   528  0 -1 -1 -1 -1  0  0  0 -1   0.000   0.000   0.000   0.000
 123   587  0 -1 -1 -1 -1  0  0  0 -1   0.000   0.000   0.000   0.000
 124   672  0 -1 -1 -1 -1  0  0  0 -1   0.000   0.000   0.000   0.000
 125   787  0 -1 -1 -1 -1  0  0  0 -1   0.000   0.000   0.000   0.000
 126   791  0 -1 -1 -1 -1  0  0  0 -1   0.000   0.000   0.000   0.000
 127   843  0 -1 -1 -1 -1  0  0  0 -1   0.000   0.000   0.000   0.000
 128   870  0 -1 -1 -1 -1  0  0  0 -1   0.000   0.000   0.000   0.000
 129   914  0 -1 -1 -1 -1  0  0  0 -1   0.000   0.000   0.000   0.000
 130   950  0 -1 -1 -1 -1  0  0  0 -1   0.000   0.000   0.000   0.000
 131  1003  0 -1 -1 -1 -1  0  0  0 -1  -5.900   0.000   0.000   0.000
 132  1012  0 -1 -1 -1 -1  0  0  0 -1  -9.500   0.000   0.000   0.000
 133  1019  0 -1 -1 -1 -1  0  0  0 -1  -9.800   0.000   0.000   0.000
 134  1024  0 -1 -1 -1 -1  0  0  0 -1  -9.500   0.000   0.000   0.000
 135  1030  0 -1 -1 -1 -1  0  0  0 -1  -9.900   0.000   0.000   0.000
 136  1038  0 -1 -1 -1 -1  0  0  0 -1   0.000   0.000   0.000   0.000
 137  1048  0 -1 -1 -1 -1  0  0  0 -1   0.000   0.000   0.000   0.000
 138  1069  0 -1 -1 -1 -1  0  0  0 -1   0.000   0.000   0.000   0.000
 139  1079  0 -1 -1 -1 -1  0  0  0 -1   0.000   0.000   0.000   0.000
 140  1082  0 -1 -1 -1 -1  0  0  0 -1   0.000   0.000   0.000   0.000
 141  1083  0 -1 -1 -1 -1  0  0  0 -1   0.000   0.000   0.000   0.000
 142  1088  0 -1 -1 -1 -1  0  0  0 -1   0.000   0.000   0.000   0.000
 143  1090  0 -1 -1 -1 -1  0  0  0 -1   0.000   0.000   0.000   0.000
 144  1092  0 -1 -1 -1 -1  0  0  0 -1   3.200   0.000   0.000   0.000
 145  1095  0 -1 -1 -1 -1  0  0  0 -1  -8.500   0.000   0.000   0.000
 146  1104  0 -1 -1 -1 -1  0  0  0 -1   0.000   0.000   0.000   0.000
 147  1111  0 -1 -1 -1 -1  0  0  0 -1   0.000   0.000   0.000   0.000
 148  1115  0 -1 -1 -1 -1  0  0  0 -1   0.000   0.000   0.000   0.000
 149  1116  0 -1 -1 -1 -1  0  0  0 -1   0.000   0.000   0.000   0.000
 150  1119  0 -1 -1 -1 -1  0  0  0 -1   0.000   0.000   0.000   0.000
 151  1120  0 -1 -1 -1 -1  0  0  0 -1   0.000   0.000   0.000   0.000
 152  1123  0 -1 -1 -1 -1  0  0  0 -1  -9.800   0.000   0.000   0.000
 153  1130  0 -1 -1 -1 -1  0  0  0 -1  -7.100   0.000   0.000   0.000
 154  1138  0 -1 -1 -1 -1  0  0  0 -1  -1.600   0.000   0.000   0.000
 155  1142  0 -1 -1 -1 -1  0  0  0 -1  -1.900   0.000   0.000   0.000
 156  1178  0 -1 -1 -1 -1  0  0  0 -1  -2.000   0.000   0.000   0.000
 157  1199  0 -1 -1 -1 -1  0  0  0 -1  -2.300   0.000   0.000   0.000
 158  1206  0 -1 -1 -1 -1  0  0  0 -1  -2.200   0.000   0.000   0.000
 159  1221  0 -1 -1 -1 -1  0  0  0 -1  -2.500   0.000   0.000   0.000
 160  1237  0 -1 -1 -1 -1  0  0  0 -1  -1.800   0.000   0.000   0.000
 161  1252  0 -1 -1 -1 -1  0  0  0 -1  -2.300   0.000   0.000   0.000
 162  1260  0 -1 -1 -1 -1  0  0  0 -1  -1.300   0.000   0.000   0.000
 163  1263  0 -1 -1 -1 -1  0  0  0 -1  -0.700   0.000   0.000   0.000
 164  1266  0 -1 -1 -1 -1  0  0  0 -1  -0.100   0.000   0.000   0.000
 165  1285  0 -1 -1 -1 -1  0  0  0 -1  -0.900   0.000   0.000   0.000
 166  1301  0 -1 -1 -1 -1  0  0  0 -1   0.000   0.000   0.000   0.000
 167  1304  0 -1 -1 -1 -1  0  0  0 -1   0.000   0.000   0.000   0.000
 168  1329  0 -1 -1 -1 -1  0  0  0 -1   0.000   0.000   0.000   0.000
 169  1371  0 -1 -1 -1 -1  0  0  0 -1   0.000   0.000   0.000   0.000
 170  1382  0 -1 -1 -1 -1  0  0  0 -1  -0.908   0.075  -0.082   0.334
 171  1415  0 -1 -1 -1 -1  0  0  0 -1  -0.092   0.091  -0.120   0.383
 172  1424  0 -1 -1 -1 -1  0  0  0 -1   0.960   0.072  -0.128   0.265
 173  1449  0 -1 -1 -1 -1  0  0  0 -1   0.287   0.285  -0.111   0.144
 174  1455  0 -1 -1 -1 -1  0  0  0 -1   0.758   0.108  -0.144   0.391
 175  1466  0 -1 -1 -1 -1  0  0  0 -1   2.837  -0.042  -0.191   0.094
 176  1477  0 -1 -1 -1 -1  0  0  0 -1   0.812   0.086  -0.151   0.441
 177  1500  0 -1 -1 -1 -1  0  0  0 -1   1.089   0.050  -0.142   0.376
 178  1519  0 -1 -1 -1 -1  0  0  0 -1   1.195  -0.006  -0.155   0.349
 179  1538  0 -1 -1 -1 -1  0  0  0 -1   1.503  -0.057  -0.156   0.293
 180  1545  0 -1 -1 -1 -1  0  0  0 -1   1.070   0.061  -0.143   0.329
 181  1565  0 -1 -1 -1 -1  0  0  0 -1   2.235  -0.044  -0.169   0.152
 182  1574  0 -1 -1 -1 -1  0  0  0 -1   2.407  -0.098  -0.195   0.042
 183  1583  0 -1 -1 -1 -1  0  0  0 -1   2.066  -0.061  -0.166   0.220
 184  1593  0 -1 -1 -1 -1  0  0  0 -1   2.447  -0.018  -0.161   0.338
 185  1614  0 -1 -1 -1 -1  0  0  0 -1   3.333  -0.055  -0.136   0.204
 186  1627  0 -1 -1 -1 -1  0  0  0 -1   2.443  -0.082  -0.177   0.149
 187  1636  0 -1 -1 -1 -1  0  0  0 -1   2.861  -0.106  -0.193   0.101
 188  1644  0 -1 -1 -1 -1  0  0  0 -1   2.755  -0.155  -0.149   0.364
 189  1652  0 -1 -1 -1 -1  0  0  0 -1   2.750  -0.052  -0.173   0.167
 190  1669  0 -1 -1 -1 -1  0  0  0 -1   3.185  -0.138  -0.215   0.057
 191  1674  0 -1 -1 -1 -1  0  0  0 -1   3.208  -0.038  -0.103   0.109
 192  1681  0 -1 -1 -1 -1  0  0  0 -1   3.495  -0.063  -0.163   0.232
 193  1694  0 -1 -1 -1 -1  0  0  0 -1   4.130  -0.142  -0.221   0.074
 194  1708  0 -1 -1 -1 -1  0  0  0 -1   3.626  -0.186  -0.230   0.154
 195  1717  0 -1 -1 -1 -1  0  0  0 -1   3.683   0.073  -0.134   0.031
 196  1723  0 -1 -1 -1 -1  0  0  0 -1   3.435  -0.127  -0.236   0.240
 197  1740  0 -1 -1 -1 -1  0  0  0 -1   3.892  -0.116  -0.235   0.159
 198  1748  0 -1 -1 -1 -1  0  0  0 -1   3.737   0.053  -0.223   0.186
 199  1751  0 -1 -1 -1 -1  0  0  0 -1   3.919  -0.080  -0.079   0.059
 200  1756  0 -1 -1 -1 -1  0  0  0 -1   3.688  -0.042  -0.205   0.343
 201  1763  0 -1 -1 -1 -1  0  0  0 -1   3.360  -0.045  -0.098   0.146
 202  1766  0 -1 -1 -1 -1  0  0  0 -1   3.369  -0.019  -0.175   0.322
 203  1771  0 -1 -1 -1 -1  0  0  0 -1   3.136  -0.079  -0.224   0.101
 204  1777  0 -1 -1 -1 -1  0  0  0 -1   3.419  -0.082  -0.227   0.236
 205  1780  0 -1 -1 -1 -1  0  0  0 -1   3.243   0.084  -0.140  -0.044
 206  1783  0 -1 -1 -1 -1  0  0  0 -1   3.606  -0.076  -0.189   0.218
 207  1794  0 -1 -1 -1 -1  0  0  0 -1   3.430  -0.081  -0.232   0.348
 208  1800  0 -1 -1 -1 -1  0  0  0 -1   3.351   0.007  -0.222   0.087
 209  1803  0 -1 -1 -1 -1  0  0  0 -1   3.531  -0.002  -0.121   0.079
 210  1806  0 -1 -1 -1 -1  0  0  0 -1   3.334  -0.053  -0.233   0.093
 211  1812  0 -1 -1 -1 -1  0  0  0 -1   2.736  -0.076  -0.057  -0.055
 212  1826  0 -1 -1 -1 -1  0  0  0 -1   3.152  -0.058  -0.192  -0.008
 213  1843  0 -1 -1 -1 -1  0  0  0 -1   2.264   0.000  -0.182  -0.001
 214  1852  0 -1 -1 -1 -1  0  0  0 -1   2.360  -0.131  -0.191   0.114
 215  1865  0 -1 -1 -1 -1  0  0  0 -1   0.000   0.000   0.000   0.000
 216  1866  0 -1 -1 -1 -1  0  0  0 -1   0.000   0.000   0.000   0.000
 217  1868  0 -1 -1 -1 -1  0  0  0 -1   0.000   0.000   0.000   0.000
 218  1869  0 -1 -1 -1 -1  0  0  0 -1   0.000   0.000   0.000   0.000
 219  1872  0 -1 -1 -1 -1  0  0  0 -1   0.000   0.000   0.000   0.000
 220  1873  0 -1 -1 -1 -1  0  0  0 -1   0.000   0.000   0.000   0.000
 221  1876  0 -1 -1 -1 -1  0  0  0 -1   0.000   0.000   0.000   0.000
 222  1881  0 -1 -1 -1 -1  0  0  0 -1   0.000   0.000   0.000   0.000
 223  1882  0 -1 -1 -1 -1  0  0  0 -1   0.000   0.000   0.000   0.000
 224  1883  0 -1 -1 -1 -1  0  0  0 -1   0.000   0.000   0.000   0.000
 225  1911  0 -1 -1 -1 -1  0  0  0 -1   0.000   0.000   0.000   0.000
 226  1917  0 -1 -1 -1 -1  0  0  0 -1   0.000   0.000   0.000   0.000
 227  1918  0 -1 -1 -1 -1  0  0  0 -1   0.000   0.000   0.000   0.000
 228  1924  0 -1 -1 -1 -1  0  0  0 -1   0.000   0.000   0.000   0.000
 229  1928  0 -1 -1 -1 -1  0  0  0 -1   0.000   0.000   0.000   0.000
 230  1937  0 -1 -1 -1 -1  0  0  0 -1  -0.400   0.000   0.000   0.000
 231  1941  0 -1 -1 -1 -1  0  0  0 -1  -0.700   0.000   0.000   0.000
 232  2099  0 -1 -1 -1 -1  0  0  0 -1   4.200   0.000   0.000   0.000
 233  2100  0 -1 -1 -1 -1  0  0  0 -1   2.300   0.000   0.000   0.000
 234  2101  0 -1 -1 -1 -1  0  0  0 -1   4.000   0.000   0.000   0.000
 235  2103  0 -1 -1 -1 -1  0  0  0 -1   1.000   0.000   0.000   0.000
 236  2104  0 -1 -1 -1 -1  0  0  0 -1   0.900   0.000   0.000   0.000
 237  2106  0 -1 -1 -1 -1  0  0  0 -1   0.100   0.000   0.000   0.000
 238  2107  0 -1 -1 -1 -1  0  0  0 -1   0.500   0.000   0.000   0.000
 239  2108  0 -1 -1 -1 -1  0  0  0 -1   1.900   0.000   0.000   0.000
 240  2109  0 -1 -1 -1 -1  0  0  0 -1   4.400   0.000   0.000   0.000
 241  2110  0 -1 -1 -1 -1  0  0  0 -1   9.300   0.000   0.000   0.000
 242  2111  0 -1 -1 -1 -1  0  0  0 -1   5.700   0.000   0.000   0.000
 243  2112  0 -1 -1 -1 -1  0  0  0 -1   0.500   0.000   0.000   0.000
 244  2113  0 -1 -1 -1 -1  0  0  0 -1  -0.400   0.000   0.000   0.000
 245  2114  0 -1 -1 -1 -1  0  0  0 -1   2.200   0.000   0.000   0.000
 246  2115  0 -1 -1 -1 -1  0  0  0 -1  -0.600   0.000   0.000   0.000
 247  2116  0 -1 -1 -1 -1  0  0  0 -1  -1.500   0.000   0.000   0.000
 248  2117  0 -1 -1 -1 -1  0  0  0 -1  -1.300   0.000   0.000   0.000
 249  2118  0 -1 -1 -1 -1  0  0  0 -1  -1.500   0.000   0.000   0.000
 250  2119  0 -1 -1 -1 -1  0  0  0 -1  -1.400   0.000   0.000   0.000
 251  2120  0 -1 -1 -1 -1  0  0  0 -1  -1.600   0.000   0.000   0.000
 252  2121  0 -1 -1 -1 -1  0  0  0 -1  -1.700   0.000   0.000   0.000
 253  2122  0 -1 -1 -1 -1  0  0  0 -1  -1.600   0.000   0.000   0.000
 254  2123  0 -1 -1 -1 -1  0  0  0 -1  -1.500   0.000   0.000   0.000
 255  2128  0 -1 -1 -1 -1  0  0  0 -1  -1.400   0.000   0.000   0.000
 256  2134  0 -1 -1 -1 -1  0  0  0 -1  -1.300   0.000   0.000   0.000
 257  2141  0 -1 -1 -1 -1  0  0  0 -1  -1.300   0.000   0.000   0.000
 258  2145  0 -1 -1 -1 -1  0  0  0 -1  -1.100   0.000   0.000   0.000
 259  2149  0 -1 -1 -1 -1  0  0  0 -1  -1.000   0.000   0.000   0.000
 260  2153  0 -1 -1 -1 -1  0  0  0 -1  -1.100   0.000   0.000   0.000
 261  2164  0 -1 -1 -1 -1  0  0  0 -1  -1.000   0.000   0.000   0.000
 262  2189  0 -1 -1 -1 -1  0  0  0 -1  -0.600   0.000   0.000   0.000
 263  2197  0 -1 -1 -1 -1  0  0  0 -1  -1.200   0.000   0.000   0.000
 264  2209  0 -1 -1 -1 -1  0  0  0 -1  -0.700   0.000   0.000   0.000
 265  2226  0 -1 -1 -1 -1  0  0  0 -1  -1.100   0.000   0.000   0.000
 266  2234  0 -1 -1 -1 -1  0  0  0 -1  -0.600   0.000   0.000   0.000
 267  2280  0 -1 -1 -1 -1  0  0  0 -1  -0.900   0.000   0.000   0.000
 268  2318  0 -1 -1 -1 -1  0  0  0 -1  -0.800   0.000   0.000   0.000
 269  2321  0 -1 -1 -1 -1  0  0  0 -1  -0.300   0.000   0.000   0.000
 270  2325  0 -1 -1 -1 -1  0  0  0 -1   0.300   0.000   0.000   0.000
 271  2328  0 -1 -1 -1 -1  0  0  0 -1  -1.000   0.000   0.000   0.000
 272  2333  0 -1 -1 -1 -1  0  0  0 -1  -1.400   0.000   0.000   0.000
 273  2339  0 -1 -1 -1 -1  0  0  0 -1   0.200   0.000   0.000   0.000
 274  2348  0 -1 -1 -1 -1  0  0  0 -1  -1.000   0.000   0.000   0.000
 275  2353  0 -1 -1 -1 -1  0  0  0 -1   0.200   0.000   0.000   0.000
 276  2355  0 -1 -1 -1 -1  0  0  0 -1  -0.200   0.000   0.000   0.000
 277  2357  0 -1 -1 -1 -1  0  0  0 -1  -0.300   0.000   0.000   0.000
 278  2363  0 -1 -1 -1 -1  0  0  0 -1  -0.800   0.000   0.000   0.000
 279  2370  0 -1 -1 -1 -1  0  0  0 -1   0.200   0.000   0.000   0.000
 280  2371  0 -1 -1 -1 -1  0  0  0 -1  -0.600   0.000   0.000   0.000
 281  2377  0 -1 -1 -1 -1  0  0  0 -1  -0.600   0.000   0.000   0.000
