*
  PARAMETER TABLE FOR TAMDAR VARBC
 
  Table format:
- ID (1X,A5)
- Ifuse(ascent/desent/cruise) 1X,3(1X,I1)
- Parameters 3(5F7.3)
 
  Preditors(1:5): 1.0, w, (optional: Mach, dT/dt, T)
 
  Number of aircrafts currently involved in this table 
   20
*
 00751  1 1 1  0.041  0.149  0.137  0.239  0.176  0.338  0.273  0.261  0.240  0.223  0.436  0.304  0.270  0.208  0.236
 00862  1 1 1  0.158  0.191  0.186  0.228  0.191  0.200  0.202  0.204  0.226  0.197  0.014  0.130  0.155  0.201  0.174
 00871  1 1 1  0.408  0.267  0.287  0.166  0.232  0.523  0.382  0.340  0.336  0.248  0.523  0.337  0.296  0.198  0.246
 00873  1 1 1 -0.147  0.090  0.052  0.241  0.152  0.093  0.144  0.153  0.209  0.186  0.099  0.166  0.168  0.204  0.186
 00875  1 1 1  0.384  0.263  0.282  0.121  0.221  0.436  0.331  0.304  0.396  0.241  0.562  0.351  0.304  0.209  0.243
 00877  1 1 1  0.156  0.175  0.204  0.110  0.199  0.351  0.283  0.279  0.244  0.219  0.139  0.182  0.191  0.210  0.193
 00878  1 1 1  0.307  0.231  0.245  0.171  0.217  0.299  0.254  0.241  0.230  0.218  0.325  0.250  0.238  0.198  0.223
 00881  1 1 1  0.083  0.158  0.149  0.191  0.192  0.176  0.185  0.187  0.217  0.195  0.092  0.154  0.168  0.205  0.185
 00888  1 1 1 -0.019  0.126  0.108  0.216  0.173 -0.039  0.075  0.099  0.190  0.167  0.195  0.205  0.198  0.203  0.194
 00935  1 1 1 -0.095  0.105  0.061  0.274  0.154  0.206  0.202  0.208  0.121  0.203  0.262  0.223  0.224  0.200  0.209
 01004  1 1 1  0.362  0.251  0.264  0.191  0.221  0.415  0.318  0.304  0.253  0.224  0.821  0.452  0.392  0.209  0.281
 01045  1 1 1  0.136  0.185  0.175  0.227  0.194  0.394  0.306  0.292  0.246  0.225  0.350  0.264  0.249  0.199  0.222
 01071  1 1 1  0.071  0.161  0.147  0.232  0.180  0.238  0.217  0.216  0.224  0.208  0.338  0.254  0.246  0.199  0.221
 05000  1 1 1  0.200  0.200  0.200  0.200  0.200  0.200  0.200  0.200  0.200  0.200  0.200  0.200  0.200  0.200  0.200
 05001  1 1 1  0.200  0.200  0.200  0.200  0.200  0.200  0.200  0.200  0.200  0.200  0.200  0.200  0.200  0.200  0.200
 05002  1 1 1  0.200  0.200  0.200  0.200  0.200  0.200  0.200  0.200  0.200  0.200  0.200  0.200  0.200  0.200  0.200
 05003  1 1 1  0.200  0.200  0.200  0.200  0.200  0.200  0.200  0.200  0.200  0.200  0.200  0.200  0.200  0.200  0.200
 05004  1 1 1  0.200  0.200  0.200  0.200  0.200  0.200  0.200  0.200  0.200  0.200  0.200  0.200  0.200  0.200  0.200
 05005  1 1 1  0.200  0.200  0.200  0.200  0.200  0.200  0.200  0.200  0.200  0.200  0.200  0.200  0.200  0.200  0.200
 05020  1 1 1  0.200  0.200  0.200  0.200  0.200  0.200  0.200  0.200  0.200  0.200  0.200  0.200  0.200  0.200  0.200
