00000000000000000000000000000000000000000000000000000000000000000000000000000000000000000000000000000000000000000000000000000000000000000000000000000000000000000000000000000000000000000000000000000000000000000000000000000000000000000000000000000000000000000000000000000000000000000000000000000000000000000000000000000000000000000000000000000000000000000000000000000000000000000000000000000000000000000000000000000000000000000000
11111111111111111111111111111111111111111111111111111111111111111111111111111111111111111111111111111111111111111111111111111111111111111111111111111111111111111111111111111111111111111111111111111111111111111111111111111111111111111111111111111111111111111111111111111111111111111111111111111111111111111111111111111111111111111111111111111111111111111111111111111111111111111111111111111111111111111111111111111111111111111111
11111111111111111111111111111111111111111111111111111111111111111111111111111111111111111111111111111111111111111111111111111111111111111111111111111111111111111111111111111111111111111111111111111111111111111111111111111111111111111111111111111111111111111111111111111111111111111111111111111111111111111111111111111111111111111111111111111111111111111111111111111111111111111111111111111111111111111111111111111111111111111111
11111111111111111111111111111111111111111111111111111111111111111111111111111111111111111111111111111111111111111111111111111111111111111111111111111111111111111111111111111111111111111111111111111111111111111111111111111111111111111111111111111111111111111111111111111111111111111111111111111111111111111111111111111111111111111111111111111111111111111111111111111111111111111111111111111111111111111111111111111111111111111111
11111111111111111111111111111111111111111111111111111111111111111111111111111111111111111111111111111111111111111111111111111111111111111111111111111111111111111111111111111111111111111111111111111111111111111111111111111111111111111111111111111111111111111111111111111111111111111111111111111111111111111111111111111111111111111111111111111111111111111111111111111111111111111111111111111111111111111111111111111111111111111111
11111111111111111111111111111111111111111111111111111111111111111111111111111111111111111111111111111111111111111111111111111111111111111111111111111111111111111111111111111111111111111111111111111111111111111111111111111111111111111111111111111111111111111111111111111111111111111111111111111111111111111111111111111111111111111111111111111111111111111111111111111111111111111111111111111111111111111111111111111111111111111111
11111111111111111111111111111111111111111111111111111111111111111111111111111111111111111111111111111111111111111111111111111111111111111111111111111111111111111111111111111111111111111111111111111111111111111111111111111111111111111111111111111111111111111111111111111111111111111111111111111111111111111111111111111111111111111111111111111111111111111111111111111111111111111111111111111111111111111111111111111111111111111111
11111111111111111111111111111111111111111111111111111111111111111111111111111111111111111111111111111111111111111111111111111111111111111111111111111111111111111111111111111111111111111111111111111111111111111111111111111111111111111111111111111111111111111111111111111111111111111111111111111111111111111111111111111111111111111111111111111111111111111111111111111111111111111111111111111111111111111111111111111111111111111111
11111111111111111111111111111111111111111111111111111111111111111111111111111111111111111111111111111111111111111111111111111111111111111111111111111111111111111111111111111111111111111111111111111111111111111111111111111111111111111111111111111111111111111111111111111111111111111111111111111111111111111111111111111111111111111111111111111111111111111111111111111111111111111111111111111111111111111111111111111111111111111111
11111111111111111111111111111111111111111111111111111111111111111111111111111111111111111111111111111111111111111111111111111111111111111111111111111111111111111111111111111111111111111111111111111111111111111111111111111111111111111111111111111111111111111111111111111111111111111111111111111111111111111111111111111111111111111111111111111111111111111111111111111111111111111111111111111111111111111111111111111111111111111111
11111111111111111111111111111111111111111111111111111111111111111111111111111111111111111111111111111111111111111111111111111111111111111111111111111111111111111111111111111111111111111111111111111111111111111111111111111111111111111111111111111111111111111111111111111111111111111111111111111111111111111111111111111111111111111111111111111111111111111111111111111111111111111111111111111111111111111111111111111111111111111111
11111111111111111111111111111111111111111111111111111111111111111111111111111111111111111111111111111111111111111111111111111111111111111111111111111111111111111111111111111111111111111111111111111111111111111111111111111111111111111111111111111111111111111111111111111111111111111111111111111111111111111111111111111111111111111111111111111111111111111111111111111111111111111111111111111111111111111111111111111111111111111111
11111111111111111111111111111111111111111111111111111111111111111111111111111111111111111111111111111111111111111111111111111111111111111111111111111111111111111111111111111111111111111111111111111111111111111111111111111111111111111111111111111111111111111111111111111111111111111111111111111111111111111111111111111111111111111111111111111111111111111111111111111111111111111111111111111111111111111111111111111111111111111111
11111111111111111111111111111111111111111111111111111111111111111111111111111111111111111111111111111111111111111111111111111111111111111111111111111111111111111111111111111111111111111111111111111111111111111111111111111111111111111111111111111111111111111111111111111111111111111111111111111111111111111111111111111111111111111111111111111111111111111111111111111111111111111111111111111111111111111111111111111111111111111111
11111111111111111111111111111111111111111111111111111111111111111111111111111111111111111111111111111111111111111111111111111111111111111111111111111111111111111111111111111111111111111111111111111111111111111111111111111111111111111111111111111111111111111111111111111111111111111111111111111111111111111111111111111111111111111111111111111111111111111111111111111111111111111111111111111111111111111111111111111111111111111111
11111111111111111111111111111111111111111111111111111111111111111111111111111111111111111111111111111111111111111111111111111111111111111111111111111111111111111111111111111111111111111111111111111111111100000000000000000000000000000000000001111111111111111111111111111111111111111111111111111111111111111111111111111111111111111111111111111111111111111111111111111111110000000000000000000011111111111111111111111111111111111111
11111111111111111111111111111111111111111111111111111111111111111111111111111111111111111111111111111111111111111111111111111111111111111111111111111111111111111111111111111111111111111111111111000000000000000000000000000000000000000000000000000000000000001111111111111111111111111111111111111111111111111111111111111111111111111111111111111111111111111111111111100000000000000000000000000000000111111111111111111111111111111111
11111111111111111111111111111111111111111111111111111111111111111111111111111111111111111111111111111111111111111111111111111111111111111111111111111111111111111111111111111111111111111111111111000000000000000000000000000000000000000000000000000000000000001111111111111111111111111111111111111111111111111111111111111111111111111111111111111111111111111111111111100000000000000000000000000000000111111111111111111111111111111111
11111111111111111111111111111111111111111111111111111111111111111111111111111111111111111111111111111111111111111111111111111111111111111111111111111111111111111111111111111111111111111111111111111000000000000000000000000000000000000000000000000000000000000000000000000000000000111111111111111111110000000000001111111111111111111111111111111111111111111111110000000000000000000000000000000000000000000000111111111111111111111111
11111111111111111111111111111111111111111111111111111111111111111111111111111111111111111111111111111111111111111111111111111111111111111111111111111111111111111111111111111111111111111111111111111111000000000000000000000000000000000000000000000000000000000000000000000000000000011111111111111111110000000000000111111111111111111111111111111111111111111111110000000000000000000000000000000000000000000000111111111111111111111111
11111111111111111111111111111111111111111111111111111111111111111111111111111111111111111111111111111111111111111111111111111111111111111111111111111111111111111111111111111111111111111111111111111111110000000000000000000000000000000000000000000000000000000000000000000000000000000000000000000000000000000000000001111111111111111111111111111111111111111111111110000000000000000000000000000000000000000000000011111111111111111111
11111111111111111111111111111111111111111111111111111111111111111111111111111111111111111111111111111111111111111111111111111111111111111111111111111111111111111111111111111111111111111111111111111111110000000000000000000000000000000000000000000000000000000000000000000000000000000000000000000000000000000000000001011111000000000000000000000000111111111111111110000000000000000000000000000000000000000000000000000001111111111111
11111111111111111111111111111111111111111111111111111111111111111111111111111111111111111111111111111111111111111111111111111111111111111111111111111111111111111111111111111111111111111111111111111111110000000000000000000000000000000000000000000000000000000000000000000000000000000000000000000000000000000000000000000000000000000000000000000001111111111111111110000000000000000000000000000000000000000000000000000000000011111111
11111111111111111111111111111111111111111111111111111111111111111111111111111111111111111111111111111111111111111111111111111111111111111111111111111111111111111111111111111111111111111111111111111111100000000000000000000000000000000000000000000000000000000000000000000000000000000000000000000000000000000000000000000000000000000000000000000001111111111111111100000000000000000000000000000000000000000000000000000000000011111111
00000000000000000000000000000000000001111111101111111111111111111111111111111111111111111111111111111111111111111111111111111111111111111111111111111111111111111111111111111111111111111111111000000000000000000000000000000000000000000000000000000000000000000000000000000000000000000000000000000000000000000000000000000000000000000000000000000001110111111111100000000000000000000000000000000000000000000000000000000000000000000000
00000000000000000000000000000000000001111111100111111111111111111111111111111111111111111111111111111111111111111111111111111111111111111111111111111111111111111111111111111111111111111111111000000000000000000000000000000000000000000000000000000000000000000000000000000000000000000000000000000000000000000000000000000000000000000000000000000001110011111111100000000000000000000000000000000000000000000000000000000000000000000000
00000000000000000000000000000000000000000000000001111111111111111111111111111111111110000000011111111111111111111111111111111111111111111111111111111111111111111111111111111111111111000000000000000000000000000000000000000000000000000000000000000000000000000000000000000000000000000000000000000000000000000000000000000000000000000000000000000000000001110000000000000000000000000000000000000000000000000000000000000000000000000000
00000000000000000000000000000000000000000000000000000001111111111111111111111111000000000000000001111111111111111111111111111111111111111111111111111111111111111111111111111100000000000000000000000000000000000000000000000000000000000000000000000000000000000000000000000000000000000000000000000000000000000000000000000000000000000000000000000000000000000000000000000000000000000000000000000000000000000000000000000000000000000000
00000000000000000000000000000000000000000000000000000000000111111111000000000000000000000000000000011111111111111111111111111111100111111111000000001111000111111111111100000000000000000000000000000000000000000000000000000000000000000000000000000000000000000000000000000000000000000000000000000000000000000000000000000000000000000000000000000000000000111111000000000000000000000000000000000000000000000000000000000000000000000000
00000000000000000000000000000000000000000000000000000000000000000000000000000000000000000000000000000000000000000000001111100000000000000000000000000000000000000000000000000000000000000000000000000000000000000000000000000000000000000000000000000000000000000000000000000000000000000000000000000000000000000000000000000000000000000000000000000000000000001111000000000000000000000000000000000000000000000000000000000000000000000000
00000000000000000000000000000000000000000000000000000000000000000000000000000000000000000000000000000000000000000000000000000000000000000000000000000000000000000000000000000000000000000000000000000000000000000000000000000000000000000000000000000000000000000000000000000000000000000000000000000000000000000000000000000000000000000000000000000000000000000011111100000000000000000000000000000000000000000000000000000000000000000000
00000000000000000000000000000000000000000000000000000000000000000000000000000000000000000000000000000000000000000000000000000000000000000000000000000000000000000000000000000000000000000000000000000000000000000000000000000000000000000000000000000000000000000000000000000000000000000000000000000000000000000000000000000000000000000000000000000000000000000011111100000000000000000000000000000000000000000000000000000000000000000000
00000000000000000000000000000000000000000000000000000000000000000000000000000000000000000000000000000000000000000000000000000000000000000000000000000000000000000000000000000000000000000000000000000000000000000000000000000000000000000000000000000000000000000000000000000000000000000000000000000000000000000000000000000000000000000000000000000000000000000000000000000000000000000000000000000000000000000000000000000000000000000000
00000000000000000000000000000000000000000000000000000000000000000000000000000000000000000000000000000000000000000000000000000000000000000000000000000000000000000000000000000000000000000000000000000000000000000000000000000000000000000000000000000000000000000000000000000000000000000000000000000000000000000000000000000000000000000000000000000000000000000000000000000000000000000000000000000000000000000000000000000000000000000000
00000000000000000000000000000000000000000000000000000000000000000000000000000000000000000000000000000000000000000000000000000000000000000000000000000000000000000000000000000000000000000000000000000000000000000000000000000000000000000000000000000000000000000000000000000000000000000000000000000000000000000000000000000000000000000000000000000000000000000000000000000000000000000000000000000000000000000000000000000000000000000000
00000000000000000000000000000000000000000000000000000000000000000000000000000000000000000000000000000000000000000000000000000000000000000000000000000000000000000000000000000000000000000000000000000000000000000000000000000000000000000000000000000000000000000000000000000000000000000000000000000000000000000000000000000000000000000000000000000000000000000000000000000000000000000000000000000000000000000000000000000000000000000000
00000000000000000000000000000000000000000000000000000000000000000000000000000000000000000000000000000000000000000000000000000000000000000000000000000000000000000000000000000000000000000000000000000000000000000000000000000000000000000000000000000000000000000000000000000000000000000000000000000000000000000000000000000000000000000000000000000000000000000000000000000000000000000000000000000000000000000000000000000000000000000000
00000000000000000000000000000000000000000000000000000000000000000000000000000000000000000000000000000000000000000000000000000000000000000000000000000000000000000000000000000000000000000000000000000000000000000000000000000000000000000000000000000000000000000000000000000000000000000000000000000000000000000000000000000000000000000000000000000000000000000000000000000000000000000000000000000000000000000000000000000000000000000000
00000000000000000000000000000000000000000000000000000000000000000000000000000000000000000000000000000000000000000000000000000000000000000000000000000000000000000000000000000000000000000000000000000000000000000000000000000000000000000000000000000000000000000000000000000000000000000000000000000000000000000000000000000000000000000000000000000000000000000000000000000000000000000000000000000000000000000000000000000000000000000000
00000000000000000000000000000000000000000000000000000000000000000000000000000000000000000000000000000000000000000000000000000000000000000000000000000000000000000000000000000000000000000000000000000000000000000000000000000000000000000000000000000000000000000000000000000000000000000000000000000000000000000000000000000000000000000000000000000000000000000000000000000000000000000000000000000000000000000000000000000000000000000000
00000000000000000000000000000000000000000000000000000000000000000000000000000000000000000000000000000000000000000000000000000000000000000000000000000000000000000000000000000000000000000000000000000000000000000000000000000000000000000000000000000000000000000000000000000000000000000000000000000000000000000000000000000000000000000000000000000000000000000000000000000000000000000000000000000000000000000000000000000000000000000000
00000000000000000000000000000000000000000000000000000000000000000000000000000000000000000000000000000000000000000000000000000000000000000000000000000000000000000000000000000000000000000000000000000000000000000000000000000000000000000000000000000000000000000000000000000000000000000000000000000000000000000000000000000000000000000000000000000000000000000000000000000000000000000000000000000000000000000000000000000000000000000000
00000000000000000000000000000000000000000000000000000000000000000000000000000000000000000000000000000000000000000000000000000000000000000000000000000000000000000000000000000000000000000000000000000000000000000000000000000000000000000000000000000000000000000000000000000000000000000000000000000000000000000000000000000000000000000000000000000000111111000000000000000000000000000000000000000000000000000000000000000000000000000000
00000000000000000000000000000000000000000000000000000000000000000000000000000000000000000000000000000000000000000000000000000000000000000000000000000000000000000000000000000000000000000000000000000000000000000000000000000000000000000000000000000000000000000000000000000000000000000000000000000000000000000000000000000000000000000000000000000011111111000000000000000000000000000000000000000000000000000000000000000000000000000000
00000000000000000000000000000000000000000000000000000000000000000000000000000000000000000000000000000000000000000000000000000000000000000000000000000000000000000000000000000000000000000000000000000000000000000000000000000000000000000000000000000000000000000000000000000000000000000000000000000000000000000000000000000000000000000000000000001111111100000000000000000000000000000000000000000000000000000000000000000000000000000000
00000000000000000000000000000000000000000000000000000000000000000000000000000000000000000000000000000000000000000000000000000000000000000000000000000000000000000000000000000000000000000000000000000000000000000000000000000000000000000000000000000000000000000000000000000000000000000000000000000000000000000000000000000000000000000000000000001111110000000000001100000000000000000000000000000000000000000000000000000000000000000000
00000000000000000000000000000000000000000000000000000000000000000000000000000000000000000000000000000000000000000000000000000000000000000000000000000000000000000000000000000000000000000000000000000000000000000000000000000000000000000000000000000000000000000000000000000000000000000000000000000000000000000000000000000000000000000000000000001111110000000000001100000000000000000000000000000000000000000000000000000000000000000000
00000000000000000000000000000000000000000000000000000000000000000000000000000000000000000000000000000000000000000000000000000000000000000000000000000000000000000000000000000000000000000000000000000000000000000000000000000000000000000000000000000000000000000000000000000000000000000000000000000000000000000000000000000000000000000000000000011111111000000000000000000000000000000000000000000000000000000000000000000000000000000000
00000000000000000000000000000000000000000000000000000000000000000000000000000000001100000000000000000000000000000000000000000000000000000000000000000000000000000000000000000000000000000000000000000000000000000000000000000000000000000000000000000000000000000000000000000000000000000000000000000000000000000000000000000000000000000000000000011111111100000000000000000000000000000000000000000000000000000000000000000000000000000000
00000000000000000000000000000000000000000000000000000000000000000000000000000000000000000000000000000000000000000000000000000000000000000000000000000000000000000000000000000000000000000000000000000000000000000000000000000000000000000000000000000000000000000000000000000000000000000000000000000000000000000000000000000000000000000000000000011111111110000000000000000000000000000000000000000000000000000000000000000000000000000000
00000000000000000000000000000000000000000000000000000000000000000000000000000000000000000000000000000000000000000000000000000000000000000000000000000000000000000000000000000000000000000000000000000000000000000000000000000000000000000000000000000000000000000000000000000000000000000000000000000000000000000000000000000000000000000000000000001111111111000000000000000000000000000000000000000000000000000000000000000000000000000000
00000000000000000000000000000000000000000000000000000000000000000000000000000000000000000000000000000000000000000000000000000000000000000000000000000000000000000000000000000000000000000000000000000000110000000000000000000000000000000000000000000000000000000000000000000000000000000000000000000000000000000000000000000000000000000000000000001111111111000000000000000000000000000000000000000000000000000000000000000000000000000000
00000000000000000000000000000000000000000000000000000000000000000000000000000000000000000000000000000000000000000000000000000000000000000000000000000000000000000000000000000000000000000000000000000001111100000000000000000000000000000000000000000000000000000000000000000000000000000000000000000000000000000000000000000000000000000000000000011111111110000000000000000000000000000000000000000000000000000000000000000000000000000000
00000000000000000000000000000000000000000000000000000000000000000000000000000000000000000000000000000000000000000000000000000000000000000000000000000000000000000000000000000000000000000000000000000001111100000000000000000000000000000000000000000000000000000000000000000000000000000000000000000000000000000000000000000000000000000000000000001111111111000000000000000000000000000000000000000000000000000000000000000000000000000000
00000000000000000000000000000000000000000000000000000000000000000000000000000000000000000000000000000000000000000000000000000000000000000000000000000000000000000000000000000000000000000000000000000000111100000000000000000000000000000000000000000000000000000000000000000000000000000000000000000000000000000000000000000000000000000000000000000011111111110000000000000000000000000000000000000000000000000000000000000000000000000000
00000000000000000000000000000000000000000000000000000000000000000000000000000000000000000000000000000000000000000000000000000000000000000000000000000000000000000000000000000010000000000000000000000000111111000000000000000000000000000000000000000000000000000000000000000000000000000000000000000000000000000000000000000000000000000000000000000011111111110000000000000000000000000000000000000000000000000000000000000000000000000000
00000000000000000000000000000000000000000000000000000000000000000000000000000000000000000000000000000000000000000000000000000000000000000000000000000000000000000000000000001111000000000000000000000000000111100000000000000000000000000000000000000000000000000000000000000000000000000000000000000000000000000000000000000000000000000000000000001111111111110000000000000000000000000000000000000000000000000000000000000000000000000000
00000000000000000000000000000000000000000000000000000000000000000000000000000000000000000000000000000000000000000000000000000000000000000000000000000000000000000000000000001111000000000000000000000000000011101100000000000000000000000000000000000000000000000000000000000000000000000000000000000000000000000000000000000000000000000000000000001111111111110000000000000000000000000000000000000000000000000000000000000000000000000000
00000000000000000000000000000000000000000000000000000000000000000000000000000000000000000000000000000000000000000000000000000000000000000000000000000000000000000000000000000111000000000000000000000000000001101110000000000000000000000000000000000000000000000000000000000000000000000000000000000000000000000000000000000000000000000000000000001111111111111110000000000000000000000000000000000000000000000000000000000000000000000000
00000000000000000000000000000000000000000000000000000000000000000000000000000000000000000000000000000000000000000000000000000000000000000000000000000000000000000000000000000000000000000000000000000000000000001110000000000000000000000000000000000000000000000000000000000000000000000000000000000000000000000000000000000000000000000000000000001111111111111110000000000000000000000000000000000000000000000000000000000000000000000000
00000000000000000000000000000000000000000000000000000000000000000000000000000000000000000000000000000000000000000000000000000000000000000000000000000000000000000000000000000000000000000000000000000000000000011111000000000000000000000000000000000000000000000000000000000000000000000000000000000000000000000000000000000000000000000000000000000111111111111111000000000000000000000000000000000000000000000000000000000000000000000000
00000000000000000000000000000000000000000000000000000000000000000000000000000000000000000000000000000000000000000000000000000000000000000000000000000000000000000000000001111110000000000000000000000000000000001111000000000000000000000000000000000000000000000000000000000000000000000000000000000000000000000000000000000000000000000000000000001111111111111111111100000000000000000000000000000000000000000000000000000000000000000000
00000000000000000000000000000000000000000000000000000000000000000000000000000000000000000000000000000000000000000000000000000000000000000000000000000000000000000000001111111111111000000000000000000000000000001100000000000000000000000000000000000000000000000000000000000000000000000000000000000000000000000000000000000000000000000000000000001111111111111111111110000000000000000000000000000000000000000000000000000000000000000000
00000000000000000000000000000000000000000000000000000000000000000000000000000000000000000000000000000000000000000000000000000000000000000000000000000000000000000000001111111111111000000000000000000000000000011100000000000000000000000000000000000000000000000000000000000000000000000000000000000000000000000000000000000000000000000000000000001111111111111111111110000000000000000000000000000000000000000000000000000000000000000000
00000000000000000000000000000000000000000000000000000000000000000000000000000000000000000000000000000000000000000000000000000000000000000000000000000000000000000001001111111111111000000000000000000000000000110000000000000000000000000000000000000000000000000000000000000000000000000000000000000000000000000000000000000000000000000000000000000011111111111111111110000000000000000000000000000000000000000000000000000000000000000000
00000000000000000000000000000000000000000000000000000000000000000000000000000000000000000000000000000000000000000000000000000000000000000000000000000000000000000001111111111111111100000000000000000000000000100000000000000000000000000000000000000000000000000000000000000000000000000000000000000000000000000000000000000000000000000000000000000011111111111111111111000000000000000000000000000000000000000000000000000000000000000000
00000000000000000000001111111111100000000000000000000000000000000000000000000000000000000000000000000000000000000000000000000000000000000111111111110000000000001111111111111111111110000000000000000000000000000000000000000000000000000000000000000000000000000000000000000000000000000000000000000000000000000000000000000000000000000000000000000011111111111111111111111000000000000000000000000000000000000000000000000000000000000000
00000000000000000000011111111111100000000000000000000000000000000000000000000000000000000000000000000000000000000000000000000000000000000111111111110000000000001111111111111111111110000000000000000000000000000000000000000000000000000000000000000000000000000000000000000000000000000000000000000000000000000000000000000000000000000000000000000011111111111111111111111100000000000000000000000000000000000000000000000000000000000000
00000000000000000000011111111111111000000000000000000000000000000000000000000000000000000000000000000000000000000000000000000000000000000011111111111110000000011111111111111111111111000000000000000000000000000000000000000000000000000000000000000000000000000000000000000000000000000000000000000000000000000000000000000000000000000000000000000011111111111111111111111100000000000000000000000000000000000000000000000000000000000000
00000000000000000000011111111111111100000000000000000000000000000000000000000000000000000000000000000000000000000000000000000000000000000111111111111111111111111111111111111111111111000000000000000000000000000000000000000000000000000000000000000000000000000000000000000000000000000000000000000000000000000000000000000000000000000000000000000011111111111111111111111110000000000000000000000000000000000000000000000000000000000000
00000000000000000000011111111111111110000000000000000000000000000000000000000000000000000000000000000000000000000000000000000000000000000111111111111111111111111111111111111111111111000000000000000000000000000000000000000000000000000000000000000000000000000000000000000000000000000000000000000000000000000000000000000000000000000000000000000011111111111111111111111111000000000000000000000000000000000000000000000000000000000000
00000000000000000000011111111111111110000000000000000000000000000000000000000000000000000000000000000000000000000000000000000000000000000111111111111111111111111111111111111111111111000000000000000000000000000000000000000000000000000000000000000000000000000000000000000000000000000000000000000000000000000000000000000000000000000000000000000011111111111111111111111111100000000000000000000000000000000000000000000000000000000000
00000000000000000000111111111111111111100000000000000000000000000000000000000000000000000000000000000000000000000000000000000000000000001111111111111111111111111111111111111111111111110000000000000000000000000000000000000000000000000000000000000000000000000000000000000000000000000000000000000000000000000000000000000000000000000000000000000000111111111111111111111111110000000000000000000000000000000000000000000000000000000000
00000000000000000001111111111111111111100000000000000000000000000000000000000000000000000000000000000000000000000000000000000000000000001111111111111111111111111111111111111111111111110000000000000000000000000000000000000000000000000000000000000000000000000000000000000000000000000000000000000000000000000000000000000000000000000000000000000000111111111111111111111111110000000000000000000000000000000000000000000000000000000000
00000000000000000011111111111111111111110000000000000000000000000000000000000000000000000000000000000000000000000000000000000000000000001111111111111111111111111111111111111111111111000000000000000000000000000000000000000000000000000000000000000000000000000000000000000000000000000000000000000000000000000000000000000000000000000000000000000000111111111111111111111111110000000000000000000000000000000000000000000000000000000000
00000000000000000011111111111111111111110000000000000000000000000000000000000000000000000000000000000000000000000000000000000000000000001111111111111111111111111111111111111111111111000000000000000000000000000000000000000000000000000000000000000000000000000000000000000000000000000000000000000000000000000000000000000000000000000000000000000000111111111111111111111111110000000000000000000000000000000000000000000000000000000000
00000000000000000011111111111111111111110000000000000010000000000000000000000000000000000000000000000000000000000000000000000000000000001111111111111111111111111111111111111111111111000000000000000000000000000000000000000000000000000000000000000000000000000000000000000000000000000000000000000000000000000000000000000000000000000000000000000000111111111111111111111111111100000000000000000000000000000000000000000000000000000000
00000000000000000111111111111111111111111100000000000111000000000000000000000000000000000000000000000000000000000000000000000000000000011111111111111111111111111111111111111111111111000000000000000000000000000000000000000000000000000000000000000000000000000000000000000000000000000000000000000000000000000000000000000000000000000000000000000000111111111111111111111111111100000000000000000000000000000000000000000000000000000000
00000000000000000111111111111111111111111100000000000111100000000000000000000000000000000000000000000000000000000000000000000000000000111111111111111111111111111111111111111111111110000000000000000000000000000000000000000000000000000000000000000000000000000000000000000000000000000000000000000000000000000000000000000000000000000000000000000000111111111111111111111111111111100000000000000000000000000000000000000000000000000000
00000000000000000111111111111111111111111110000000000111100000000000000000000000000000000000000000000000000000000000000000000000000000001111111111111111111111111111111111111111111100000000000000000000000000000000000000000000000000000000000000000000000000000000000000000000000000000000000000000000000000000000000000000000000000000000000000000000111111111111111111111111111111110000000000000000000000000000000000000000000000000000
00000000000000000111111111111111111111111110000000011111100000000000000000000000000000000000000000000000000000000000000000000000000000001111111111111111111111111111111111111111111100000000000000000000000000000000000000000000000000000000000000000000000000000000000000000000000000000000000000000000000000000000000000000000000000000000000000000000011111111111111111111111111111111110000000000000000000000000000000000000000000000000
00000000000000000111111111111111111111111110000000011111100000000000000000000000000000000000000000000000000000000000000000000000000000001111111111111111111111111111111111111111111100000000000000001100000000000000000000000000000000000000000000000000000000000000000000000000000000000000000000000000000000000000000000000000000000000000000000000000011111111111111111111111111111111111000000000000000000000000000000000000000000000000
00000000000000001111111111111111111111111100000000001111111000000000000000000000000000000000000000000000000000000000000000000000000000000011111111111111111111111111111111111111110000000000000000000000000000000000000000000000000000000000000000000000000000000000000000000000000000000000000000000000000000000000000000000000000000000000000000000000011111111111111111111111111111111111100000000000000000000000000000000000000000000000
00000000000000001111111111111111111111111100000000000111111000000000000000000000000000000000000000000000000000000000000000000000000000000000111111111111111111111111111111111111110000000000000000000000000000000000000000000000000000000000000000000000000000000000000000000000000000000000000000000000000000000000000000000000000000000000000000000000011111111111111111111111111111111111100000000000000000000000000000000000000000000000
00000000000000011111111111111111111111111111100000000111111000000000000000000000000000000000000000000000000000000000000000000000000000000000000011111111111111111111111111111111000000000000000000000000000000000000000000000000000000000000000000000000000000000000000000000000000000000000000000000000000000000000000000000000000000000000000000000000111111111111111111111111111111111111100000000000000000000000000000000000000000000000
00000000000000011111111111111111111111111111100000000111111000000000000000000000000000000000000000000000000000000000000000000000000000000000000001111111111111111111111111111100000000000000000000000000000000000000000000000000000000000000000000000000000000000000000000000000000000000000000000000000000000000000000000000000000000000000000000000000111111111111111111111111111111111111110000000000000000000000000000000000000000000000
00000000000000011111111111111111111111111111111000000111111100000000000000000000000000000000000000000000000000000000000000000000000000000000000001111111111111111111111111111100000000000000000000000000000000000000000000000000000000000000000000000000000000000000000000000000000000000000000000000000000000000000000000000000000000000000000000000011111111111111111111111111111111111111110000000000000000000000000000000000000000000000
00000000000000011111111111111111111111111111111100000111111100000000000000000000000000000000000000000000000000000000000000000000000000000000000000111111111111111111111111111100000000000000000000000000000000000000000000000000000000000000000000000000000000000000000000000000000000000000000000000000000000000000000000000000000000000000000000000011111111111111111111111111111111111111110000000000000000000000000000000000000000000000
00000000000000011111111111111111111111111111111110000111111100000000000000000000000000000000000000000000000000000000000000000000000000000000000000001111111111111111000011111100000000000000000000000000000000000000000000000000000000000000000000000000000000000000000000000000000000000000000000000000000000000000000000000000000000000000000000011111111111111111111111111111111111111111110000000000000000000000000000000000000000000000
00000000000000011111111111111111111111111111111110000001111100000000000000000000000000000000000000000000000000000000000000000000000000000000000000001111111111111111000011111000000000000000000000000000000000000000000000000000000000000000000000000000000000000000000000000000000000000000000000000000000000000000000000000000000000000000000000111111111111111111111111111111111111111111110000000000000000000000000000000000000000000000
00000000000000011111111111111111111111111111111110000000011100000000000000000000000000000000000000000000000000000000000000000000000000000000000000000111101111111100000011111000000000000000000000000000000000000000000000000000000000000000000000000000000000000000000000000000000000000000000000000000000000000000000000000000000000000000000000111111111111111111111111111111111111111111110000000000000000000000000000000000000000000000
00000000000000011111111111111111111111111111111110000000011100000000000000000000000000000000000000000000000000000000000000000000000000000000000000000000001111111110000011110000000000000000000000000000000000000000000000000000000000000000000000000000000000000000000000000000000000000000000000000000000000000000000000000000000000000000000000111111111111111111111111111111111111111111111000000000000000000000000000000000000000000000
00000000000000001111111111111111111111111011111110000000001100000000000000000000000000000000000000000000000000000000000000000000000000000000000000000000000011111111000001000000000000000000000000000000000000000000000000000000000000000000000000000000000000000000000000000000000000000000000000000000000000000000000000000000000000000000000001111111111111111111111111111111111111111111111100000000000000000000000000000000000000000000
00000000000000001111111111111111111111111011111110000000000100000000000000000000000000000000000000000000000000000000000000000000000000000000000000000000000111111110000001000000000000000000000000000000000000000000000000000000000000000000000000000000000000000000000000000000000000000000000000000000000000000000000000000000000000000000000001111111111111111111111111111111111111111111111100000000000000000000000000000000000000000000
00000000000000000111111111111111111111111111111110000000000000000000000000000000000000000000000000000000000000000000000000000000000000000000000000000000000000000000000000000000000000000000000000000000000000000000000000000000000000000000000000000000000000000000000000000000000000000000000000000000000000000000000000000000000000000000000011111111111111111111111111111111111111111111111100000000000000000000000000000000000000000000
00000000000000001111111111111111111111111111111100000000000000000000000000000000000000000000000000000000000000000000000000000000000000000000001000001000000000000000000000000001111000000000000000000000000000000000000000000000000000000000000000000000000000000000000000000000000000000000000000000000000000000000000000000000000000000000000011111111111111111111111111111111111111111111111111100000000000000000000000000000000000000000
00000000000000001111111111111111111111111111111000000000000000000000000000000000000000000000000000000000000000000000000000000000000000011111111100001111000000000000000111110011111000000000000000000000000000000000000000000000000000000000000000000000000000000000000000000000000000000000000000000000000000000000000000000000000000000000001111111111111111111111111111111111111111111111111111100000000000000000000000000000000000000000
00000000000000001111111111111111111111111111111000000000000000000000000000000000000000000000000000000000000000000000000000000000000000111111110100000111000000000000001111110011000000000000000000000000000000000000000000000000000000000000000000000000000000000000000000000000000000000000000000000000000000000000000000000000000000000000001111111111111111111111111111111111111111111111111111100000000000000000000000000000000000000000
00000000000000011111111111111111111111111111111000000000000000000000000000000000000000000000000000000000000000000000000000000001111111110000000000000000000000000000111111111111000000000000000000000000000000000000000000000000000000000000000000000000000000000000000000000000000000000000000000000000000000000000000000000000000000000000111111111111111111111111111111111111111111111111111111100000000000000000000000000000000000000000
00000000000000011111111111111111111111111111111000000000000000000000000000000000000000000000000000000000000000000000000000000011111111110000000000000000000000001000111111111111000000001100000000000000000000000000000000000000000000000000000000000000000000000000000000000000000000000000000000000000000000000000000000000000000000000000111111111111111111111111111111111111111111111111111111100000000000000000000000000000000000000000
00000000000000011111111111111111111011111111111000000000000000000000000000000000000000000000000000000000000000000000000000001110000000000000000000000000000000000000111111111110001110000000000000000000000000000000000000000000000000000000000000000000000000000000000000000000000000000000000000000000000000000000000000000000000000000000111111111111111111111111111111111111111111111111111111100000000000000000000000000000000000000000
00000000000000011111111111111111111111111111111000000000000000000000000000000000000000000000000000000000000000000000000000011110000000000000001000100000000000000011111111111100001110000000000000000000000000000000000000000000000000000000000000000000000000000000000000000000000000000000000000000000000000000000000000000000000000000000111111111111111111111111111111111111111111111111111111100000000000000000000000000000000000000000
00000000000001111111111111111111111111111111111100000000000000000000000000000000000000000000000000000000000000000000000000111110000000001100001011100011001100111111111111111100000000000000000000000000000000000000000000000000000000000000000000000000000000000000000000000000000000000000000000000000000000000000000000000000000000000000111111111111111111111111111111111111111111111111111100000000000000000000000000000000000000000000
00000000000001111111111111111111111111111111111110000000000000000000000000000000000000000000000000000000000000000000000001111111000000001110001111000011001100111111111111110000000000000000000000000000000000000000000000000000000000000000000000000000000000000000000000000000000000000000000000000000000000000000000000000000000000000000111111111111111111111111111111111111111111111111110000000000000000000000000000000000000000000000
00000000000111111111111111111111111111111111111111000000000000000000000000000000000000000000000000000000000000000000000011111111000111111111001111000000000011111011111100000000000000000000000000000000000000000000000000000000000000000000000000000000000000000000000000000000000000000000000000000000000000000000000000000000000000000000111111111111111111111111111111111111111111111100000000000000000000000000000000000000000000000000
00000000000111111111111111111111111111101111111111100000000000000000000000000000000000000000000000000000000000000000000011111100000111111111001111000000000011111000000000000000000000000000000000000000000000000000000000000000000000000000000000000000000000000000000000000000000000000000000000000000000000000000000000000000000000000000111111111111111111111111111111111111111111110000000000000000000000000000000000000000000000000000
00000000000111111111111111111111111111100111111111100000000000000000000000000000000000000000000000000000000000000000000111111000001111111111000000000000000001100000000000000000000000000000000000000000000000000000000000000000000000000000000000000000000000000000000000000000000000000000000000000000000000000000000000000000000000000000111111111111111111111111111111111111111110000000000000000000000000000000000000000000000000000000
00000000000111111111111111111111111111111111111111111000000000000000000000000000000000000000000000000000000000000000001111110000001111111111100111110000110001100000000000000000000000000000000000000000000000000000000000000000000000000000000000000000000000000000000000000000000000000000000000000000000000000000000000000000000000000000111111111111111111111111111111111111111110000000000000000000000000000000000000000000000000000000
00000000000111111111111111111111111111111111111111111000000000000000000000000000000000000000000000000000000000000000001111110000001111111111110111110000110000000000000000000000000000000000000000000000000000000000000000000000000000000000000000000000000000000000000000000000000000000000000000000000000000000000000000000000000000000000011111111111111111111111111111111111100000000000000000000000000000000000000000000000000000000000
00000000000011111111111111111111111111111111111111111110000000000000000000000000000000000000000000000000000000000000001111110000001111111111110000001001100000000000000000000000000000000000000000000000000000000000000000000000000000000000000000000000000000000000000000000000000000000000000000000000000000000000000000000000000000000000001111111111111111111111111111111111100000000000000000000000000000000000000000000000000000000000
00000000000011111111111111111111111111111111111111111110000000000000000000000000000000000000000000000000000000000000011111110000001111111111110000000000000000000000000000000000000000000000000000000000000000000000000000000000000000000000000000000000000000000000000000000000000000000000000000000000000000000000000000000000000000000000000111111111111111111111111111111111100000000000000000000000000000000000000000000000000000000000
00000000000011111111111111111111111111111111111111111111100000000000000000000000000000000000000000000000000000000000111011110000000000111111100000000000000000000000000000000000000000000000000000000000000000000000000000000000000000000000000000000000000000000000000000000000000000000000000000000000000000000000000000000000000000000000000011111111111111111111111111111111000000000000000000000000000000000000000000000000000000000000
00000000000111111111111111111111111111111111111111111111100000000000000000000000000000000000000000000000000000000001110011110000000000011111100000000000000000000000000000000000000000000000000000000000000000000000000000000000000000000000000000000000000000000000000000000000000000000000000000000000000000000000000000000000000000000000000001111111111111111111111111111111000000000000000000000000000000000000000000000000000100000000
00000001111111111111111111111111111111111111111111111111111000000000000000000000000000000000000000000000000000000011100111110000000000001111110000000000000000000000000000000000000000000000000000000000000000000000000000000000000000000000000000000000000000000000000000000000000000000000000000000000000000000000000000000000000000000000000001111111111111111111111111111110000000000000000000000000000000000000000000000000111111111111
00000011111111111111111111111111111111111111111111111111111000000000000000000000000000000000000000000000000000000000000111100000000000000011110000000000000000000000000000000000000000000000000000000000000000000000000000000000000000000000000000000000000000000000000000000000000000000000000000000000000000000000000000000000000000000000000011111111111111111111111111111100000000000000000000000000000000000000000000000000111111111111
11111111111111111111111111111111111111111111111111111111111100000000000000000000000000000000000111000000000000000000001111000000000000000011100000001100000000000000000000000000000000000000000000000000000000000000000000000000000000000000000000000000000000000000000000000000000000000000000000000000000000000000000000000000000000000000000011111111111111111111111100000000000000000000000000000000000000000000000000000111111111111111
11111111111111111111111111111111111111111111111111111111111100000000000000000000000000000000000111000000000000000000001100000000000000000000000000001100000000000000000000000000000000000000000000000000000000000000000000000000000000000000000000000000000000000000000000000000000000000000000000000000000000000000000000000000000000000000110011111111111111111111111000000000000000000000000000000000000000000000000000001111111111111111
11111111111111111111111111111111111111111111111111111111111100000000000000000000000000000001100110000000000000000000011100000000000000000000000000111100000000000000000000000000000000000000000000000000000000000000000000000000000000000000000000000000000000000000000000000000000000000000000000000000000000000000000000000000000000000011111111111111111111111111110000000000000000000000000000000000000000000000000000001111111111111111
11111111111111111111111111111111111111111111111111111111111110000000000000000000000000000001111110000000000000000000011100000110000000000000000000111100000000000000000000000000000000000000000000000000000000000000000000000000000000000000000000000000000000000000000000000000000000000000000000000000000000000000000000000000000000001111111111111111111111111111100000000000000000000000000000000000000000000000000000001111111111111111
11111111111111111111111111111111111111111111111111111111111110000000000000000000000000000001111110000000000000000000010000011111000000000000000000110000000000000000000000000000000000000000000000000000000000000000000000000000000000000000000000000000000000000000000000000000000000000000000000000000000000000000000000000000000000111110001000111111111111111111000000000000000000000000000000000000000000000000000000111111111111111111
11111111111111111111111111111111111111111111111111111111111110000000000000000000000000000001111000000000000000000000011000011111000000000000000000110000000000000000000000000000000000000000000000000000000000000000000000000000000000000000000000000000000000000000000000000000000000000000000000000000000000000000000000000000000000111100000000111111111111001111000000000000000000000000000000000000000000000000000000111111111111111111
11111111111111111111111111111111111111111111111111110000000110000000000000000000000000000111111000000000000000000000001100111111110000000000000001101000000000000000000000000000000000000000000000000000000000000000000000000000000000000000000000000000000000000000000000000000000000000000000000000000000000000000000000000000000001111000000000000010010000000000000000000000000000000000000000000000000000000000000011111111111111111111
11111111111111111111111111111111111111111111111111110000000000000000000000000000000000000111111000000000000000000000001100111111110000000000000000000000000000000000000000000000000000000000000000000000000000000000000000000000000000000000000000000000000000000000000000000000000000000000000000000000000000000000000000000000000001111000000000000000000000000000000000000000000000000000000000000000000000000000000011111111111111111111
11111111111111111011111111111111111111111111111111111111100000000000000000000000000000000111111000000000000000000000011111111111110000000000000000110000000000000000000000000000000000000000000000000000000000000000000000000000000000000000000000000000000000000000000000000000000000000000000000000000000000000000000000000000011111111100000000000000000000000000000000000000000000000000000000000000000000000000000011111111111111111111
11111111111111111111111111111111111111111111111111111111111000000000000000000000000000001111111000000000000000000000011111111111110000000000000011110000000000000000000000000000000000000000000000000000000000000000000000000000000000000000000000000000000000000000000000000000000000000000000000000000000000000000000000000001111111111100000000000000000000000000000000000000000000000000000000000000000000000000000011111111111111111111
11111111111111111111111111111111111111111111111110011111111111100000000000000000000000001111111000000000000000000000011111111111110000000000000111000000000000000000000000000000000000000000000000000000000000000000000000000000000000000000000000000000000000000000000000000000000000000000000000000000000000000000000000000111111111111100000000000000000000000000000000000000000000000000000000000000000000000000000011111111111111111111
11111111111111111111111111111111111111111111111100011111111111100000000000000000000000011111111110000000000000001111111111111111110000000000000111000000000000000000000000000000000000000000000000000000000000000000000000000000000000000000000000000000000000000000000000000000000000000000000000000000000000000000000111111111111111111000000000000000000000000000000000000000000000000000000000000000000000000000000011111111111111111111
11111111111111111111111111111111111111111111111000011111111111111100000000000000000000011111111111100000000000001111111111111111100000000000000111000000000000000000000000000000000000000000000000000000000000000000000000000000000000000000000000000000000000000000000000000000000000000000000000000000000000000000111111111111111100000000000000000000000000000000000000000000000000000000000000000000000000000000000011111111111111111111
11111111111111111111111111111111111111111111111000111111111111111100000000000000000000011111111111100000000000001111111111111111000000000000000111000000000000000000000000000000000000000000000000000000000000000000000000000000000000000000000000000000000000000000000000000000000000000000000000000000000000000000111111111111111100000000000000000000000000000000000000000000000000000000000000000000000000000000000001111111111111111111
11111111111111111111111111111111111111111111110001111111111111111111100000000000000000011111111111111000000000001111111111111110001100000000000011000000000000000000000000000000000000000000000000000000000000000000000000000000000000000000000000000000000000000000000000000000000000000000000000000000000000001111111111111111111100000000000010000011110001000000000000000000000000000000000000000000000000000000000001111111111111111111
11111111111111111111111111111111111111111111110001111111111111111111100000000000000000011111111111111000000000001111111111111110001100000000000011000000000000000000000000000000000000000000000000000000000000000000000000000000000000000000000000011000000000000000000000000000000000000000000000000000000000011111111111100111111110000000000010000011110001000000000000000000000000000000000000000000000000000000000001111111111111111111
11111111111111111111111111111111111111111111100011111111111111111111111000000000000000011111111111111111000000111111111111111111001100000000000000000000000000000000000000000000000000000000000000000000000000000000000000000000000000000000000000000000000000000000000000000000000000000000000000000000000000111111111111000000111110000000000011110011100000000000000000000000000000000000000000000000000000000000000011111111111111111111
11111111111111111111111111111111111111111111100111111111111111111111111000000000000011111111111111111111000000111111111111111111101100000000000000000000000000000000000000000000000000000000000000000000000000000000000000000000000000000000000000000000000000000000000000000000000000000000000000000000000000111111111110000000111110000000000111110000000000000000000000000000000000000000000000000000000000000000000011111111111111111111
11111111111111111111111111111111111111111111100111111111111111111111111100000000000111111111111111111111111111111111111111111111111111111100000100000000000000000000000000000000000000000000000000000000000000000000000000000000000000000000000000000000000000000000000000000000000000000000000000000000000000111111111110000000001110000101111110000000000000000000000000000000000000000000000000000000000000000000000011111111111111111111
11111111111111111111111111111111111111111111000111111111111111111111111100000000001111111111111111111111111111111111111111111111111111111100000100000000000000000000000000000000000000000000000000000000000000000000000000000000000000000000000000000000000000000000000000000000000000000000000000000000000000111111111110000000000000001101111000000000000000000000000000000000000000000000000000000000000000000000000011111111111111111111
11111111111111111111111111111111111111111110011111111111111111111111111000000000011111111111111111111111111111111111111111111111111111111111000111000000000000000000000000000000000000000000000000000000000000000000000000000000000000000000000000000000000000000000000000000000000000000000000000000000110001111111111100000000000000000000000000000000000000000000000000000000000000000000000000000000000000000000000001111111111111111111
11111111111111111111111111111111111111111110111111111111111111111111111000000000111111111111111111111111111111111111111111111111111111111111100111000000000000000000000000000000000000000000000000000000000000000000000000000000000000000000000000000000000000000000000000000000000000000000000000000001100011111111111100000000000000000000000000000000000000000000000000000000000000000000000000000000000000000000000000111111111111111111
11111111111111111111111111111111111111111100111111111111111111100111011111111111111111111111111111111111111111111111111111111111111111111111111011000000000000000000000000000000000000000000000000000000000000000000000000000000000000000000000000000000000000000000000000000000000000000000000000000001100111111111111110000000000000000000110000000000000000000000000000000000000000000000000000000000000000000000000000111111111111111111
11111111111111111111111111111111111111111101111111111111111111100110111111111111111111111111111111111111111111111111111111111111111111111111111000000000000000000000000000000000000000000000000000000000000000000000000000000000000000000000000000000000000000000000000000000000000000000000000000000011111111111111111110000000000000000001110000000000000000000000000000000000000000000000000000000000000000000000000000111111111111111111
11111111111111111111111111111111111111111001111111111111111100111111111111111111111111111111111111111111111111111111111111111111111111111111111100000000000000000000000000000000000000000000000000000000000000000000000000000000000000000000000000000000000000000000000000000000000000000000000000011110111111111111111110000000000000000011110000000000000000000000000000000000000000000000000000000000000000000000000000001111111111111111
11111111111111111111111111111111111111111001111111111111111000111111111111111111111111111111111111111111111111111111111111111111111111111111111100000000000000000000000000000000000000000000000000000000000000000000000000000000000000000000000000000000000000000000000000000000000000000000000000011110111111111111111110000000000000000011110000000000000000000000000000000000000000000000000000000000000000000000000000001111111111111111
11111111111111111111111111111111111111111111111111111111110001111111111111111111111111111111111111111111111111111111111111111111111111111111111111000000000000000000000000000000000000000000000000000000000000000000000000000000000000000000000000000000000000000000000000000000000000000000000000000111111111111111111111100000000000000011100000000000000000000000000000000000000000000000000000000000000000000000000000000001111111111111
11111111111111111111111111111111111111111111111111111111100111111111111111111111111111111111111111111111111111111111111111111111111111111111111111000000000000000000000000000000000000000000000000000000000000000000000000000000000000000000000000000000000000000000000000000000000000000000000000011111111111111111111111111001100000000011000000000000000000000000000000000000000000000000000000000000000000000000000000000000111111111111
11111111111111111111111111111111111111111111111111111111111111111111111111111111111111111111111111111111111111111111111111111111111111111111111110000000000000000000000000000000000000000000000000000000000000000000000000000000000000000000000000000000000000000000000000000000000000000000000000110011111111111111111111111111111111111111000000000000000000000000000000000000000000000000000000000000000000000000000000000000111111111111
11111111111111111111111011111111111111111111111111111111111111111111111111111111111111111111111111111111111111111111111111111111111111111111111111000000000100000000000000000000000000000000000000000000000000000000000000000000000000000000000000000000000000000000000000000000000000000000000001111111111111111111111111111111111111111111000000000000000000000000000000000000000000000000000000000000000000000000000000000000111111111111
11111111111111111111000011111111100011100111111111111111111111111111111111111111111111111111111111111111111111111111111111111111111111111111111111000000000111000000000000000000000000000000000000000000000000000000000000000000000000000000000000000000000000000000000000000000000000000000000001111111111111111111111111111111111111111111110000000000000000000000000000000000000000000000000000000000000000000000000000000000111111111111
11111111111111111110000011111000000000000111111111111111111111111111111111111111111111111111111111111111111111111111111111111111111111111111111110000000000111000000000000000000000000000000000000000000000000000000000000000000000000000000000000000000000000000000000000000000000000000000000001111111111111111111111111111111111111111111110000000000000000000000000000000000000000000000000000000000000000000000000000000000011111111111
11111111111111000000000000000000000000000011111111111111111111111111111111111111111111111111111111111111111111111111111111111111111111111111111100000000000111111000000000000000000000000000000000000000000000000000000000000000000000000000000000000000000000000000000000000000000000000000000111111111111111111111111111111111111111111111111100000000000000000000000000000000000000000000000000000000000000000000000000000000001111111111
11111111111111000000000000000000000000110001111111111111111111111111111111111111111111111111111111111111111111111111111111111111111111111111111100000011000111111111000000000000000000000000000000000000000000000000000000000000000000000000000000000000000000000000000000000000000000000000011111111111111111111111111111111111111111111111111110000000000000000000000000000000000000000000000000000000000000000000000000000000000111111111
11111111111111000000000000000000000000000001111111111111111111111111111111111111111111111111111111111111111111111111111111111111111111111111111000000011110000111111111100000000000000000000000000000000000000000000000000000000000000000000000000000000000000000000000000000000000000000000111111111111111111111111111111111111111111111111111111000000000000000000000000000000000000000000000000000000000000000000000000000000000011100011
11111111111111000000000000000000000110011001111111111111111111111111111111111111111111111111111111111111111111111111111111111111111111111111111100000011110000111111111100000000000000000000000000000000000000000000000000000000000000000000000000000000000000000000000000000000000000000001111111111111111111111111111111111111111111111111111111000000000000000000000000000000000000000000000000000000000000000000000000000000000001000001
00111111111111000000000001110000011111111111111111111111111111111111111111111111111111111111111111111111111111111111111111111111111111111111111111000011110000000011111100000000000000000000000000000000000000000000000000000000000000000000000000000000000000000000000000000000000000000011111111111111111111111111111111111111111111111111111111000000000000000000000000000000000000000000000000000000000000000000000000000000001111111110
00000000000000000000000001111000111111111111111111111111111110001111111111111111111111111111111111111111111111111111111111111111111111111111110111000011110000000000111100000000000000000000000000000000000000000000000000000000000000000000000000000000000000000000000000000000000000000011111111111111111111111111111111111111111111111111111111100000000000000000000000000000000000000000000000000000000000000000000000000000011111111111
00000000000000000000000001111001111111111111111111111111111000011111111111111111111111111111111111111111111111111111111111111111111111111111110000000111100000000000001110000000000000000000000000000000000000000000000000000000000000000000000000000000000000000000000000000000000000000111111111111111111111111111111111111111111111111111111111110000000000000000000000000000000000000000000000000000000000000000000000000000011111111111
00000000000000000000000011111001111111111111111111111111111000011111111111111111111111111111111111111111111111111111111111111111111111111111110001100111100000000000001111000000000000000000000000000000000000000000000000000000000000000000000000000000000000000000000000000000000000000111111111111111111111111111111111111111111111111111111111111000000000000000000000000000000000000000000000000000000000000000000000000000011111111111
00000000001110000001100111111001100111111111111111111111111100011111111111111111111111111111111111111111111111111111111111111111111111111111111101111111110000000000001111000000000000000000000000000000000000000000000000000000000000000000000000000000000000000000000000000000000000000111111111111111111111111111111111111111111111111111111111111000000000000000000000000000000000000000000000000000000000000000000000000000011111111111
11000000001110000111100111111111110111111111111111111111111100011111111111111111111111111111111111111111111111111111111111111111111111111111111111111111111000000000001111000000000000000000000000000000000000000000000000000000000000000000000000000000000000000000000000000000000000000111111111111111111111111111111111111111111111111111111111111111000000000000000000000000000000000000000000000000000000000000000000000000011111111111
11110000000000011110001111111111110000011110000001111111111000111111111111111111111111111111111111111111111111111111111111111111111111111111111111111111111100000000001111110000000000000000000000000000000000000000000000000000000000000000000000000000000000000000000000000000000000011111111111111111111111111111111111111111111111111111111111111111000000000000000000000000000000000000000000000000000000000000000000000000011111111111
11110000000001111000011111111111110000000000000001111111110001111111111111111111111111111111111111111111111111111111111111111111111111111111111111111111111110000000001111110000000000000000000000000000000000000000000000000000000000000000000000000000000000000000000000000000000000011111111111111111111111111111111111111111111100111111111111111111100000000000000000000000000000000000000000000000000000000000000000000000011111111111
11111111100111111001111111111111111000000000001111111111100001111111111111111111111111111111111111111111111111111111111111111111111111111111111111111111111111111100000011111000000000000000000000000000000000000000000000000000000000000000000000000000000000000000000000000000000000000111111111111111111111111111111111111111111100111101111111111111111100110000000000000000000000000000000000000000000000000000000000000000001111000011
11111111100111100001111111111111111000000000011111111111100001111111110011111111111111111111111111111111111111111111111111111111111111111111111111111111111111111100000011100000000000000000000000000000000000000000000000000000000000000000000000000000000000000000000000000000000000000111111111111111111111111111111111111111111100111101111111111111111100110000000000000000000000000000000000000000000000000000000000000000000000000011
11111111111111110111111111111111111100011100011111111111100000011111111001111111111111111111111111111111111111111111111111111111111111111111111111111111111111111111000000000000000000000000000000000000000000000000000000000000000000000000000000000000000000000000000000000000000000000111111111111111111111111111111111111111111110011100011111111111111111111111000000000000000000000000000000000000000000000000000000000000000000000011
11111111111111111111111111111111111110011110011111111111111100011111111101111111111111111111111111111111111111111111111111111111111111111111111111111111111111111111000001000000000000000000000000000000000000000000000000000000000000000000000000000000000000000000000000000000000000000111111111111111111111111111111111111111111110111111111111111111111111111111100000000000000000000000000000000000000000000000000000000000000000000011
11111111111111111111111111111111111111111111111111111111111111111111111111111111111111111111111111111111111111111111111111111111111111111111111111111111111111111111110001000000000000000000000000000000000000000000000000000000000000000000000000000000000000000000000000000000000000000111111111111111111111111111111111111111111110111111111111111111111111110000000000111100000000000000000000000000000000000000000000000000000000001111
11111111111111111111111111111111111111111111111111111111111111111111111111111111111111111111111111111111111111111111111111111111111111111111111111111111111111111111111001000000000000000000000000000000000000000000000000000000000000000000000000000000000000000000000000000000000000001111111111111111111111111111111111111111110000111111111111111111111111110000001111111100000000000000000000000000000000000000000000000000000000111111
11111111111111111111111111111111111111111111111111111111111111111111111111111111111111111111111111111111111111111111111111111111111111111111111111111111111111111111111101110000000000000000000000000000000000000000000000000000000000000000000000000000000000000000000000000000000000011111111111111111111111111111111111111111111011111111111111111111111111111100001111110000000000000000000000000000000000000000000000000000000000111111
11111111111111111111111111111111111111111111111111111111111111111111111111111111111111111111111111111111111111111111111111111111111111111111111111111111111111111111111101110000000000000000000000000000000000000000000000000000000000000000000000000000000000000000000000000000000000111111111111111111111111111111111111111111111011111111111111111111111111001100000111110000000000000000000000000000000000000000000000000000000000000111
01111111111111111111111111111111111111111111111111111111111111111111111111111111111111111111111111111111111111111111111111111111111111111111111111111111111111111111111101110000000000000000000000000000000000000000000000000000000000000000000000000000000000000000000000000000000011111111111111111111111111111111111111111111111111111111111111111111111111111111100011000000000000000000000000000000000000000000000000000000000000111000
11111111111111111111111111111111111111111111111111111111111111111111111111111111111111111111111111111111111111111111111111111111111111111111111111111111111111111111111101110000000000000001000000000000000000000000000000000000000000000000000000000000000000000000000000000000000011111111111111111111111111111111111111111111111111111111111111111111111111111111111111000000000000000000000000000000000000000000000000000000110000111111
11100111111111111111111111111111111111111111111111111111111111111111111111111111111111111111111111111111111111111111111111111111111111111111111111111111111111111111111101000000000000000011110000000000000000000000000000000000000000000000000000000000000000000000000000000000000011111111111111111111111111111111111111111111111111111111111111111111111111111111111111000000000000000000000000000000000000000000000000000000111110011111
11000011111111111111111111111111111111111111111111111111111111111111111111111111111111111111111111111111111111111111111111111111111111111111111111111111111111111111111101000000000000000011110000000000000000000000000000000000000000000000000000000000000000000000000000000000001111111111111111111111111111111111111011111111111111111110001111111111111111111111111111000000000000000000000000000000000000000000000000000000111110011111
00000000011111111111111111111111111111111111111111111111111111111111111111111111111111111111111111111111111111111111111111111111111111111111111111111111111111111111111101000000000000000011111000000000000000000000000000000000000000000000000000000000000000000000000000000010011111111111111111111111111111111111111111111111111111111110001111111111111111111111111111000000000000000000000000000000000000000000000000000000111110001111
00000000000110000000111111111111111111111111111111111111111111111111111111111111111111111111111111111111111111111111111111111111110111111111111111111111111111111111000000000000000000000011111000000000000000000000000000000000000000000000000000000000000000000000000000000000011111111111111111111111111111111111111111111111111111111110001111111111111111111111111100000000000000000000000000000000000000000000000000000000011110011111
00000000001110000000000001111111111111111111111111111111111111111111111111111111111111111111111111111111111111111111111111111111110111111111111111111111111111111100000000000000000000000011111110000000000000000000000000000000000000000001111000000000000000000000000000000011111111111111111111111111111111111111111111111111111111100000000011111111111111111111110000000000000000000000000000000000000000000000000000000000000000111100
00000000001110001000000001111111111111111111111111111111111111111111111111111111111111111111111111111111111111111111111111111111111111111111111111111111111111111111000000000000000000000011111111000000000000000000000000000000000000000001111110000000000000000000000000000011111111111111111111111111111111111111111111111111111111000000000001111111111111111111100000000000000000000000000000000000000000000000000000000000000001111100
00000000000000011111000000111111111111111111111111111111111111111111111111111111111111111111111111111111111111111111111111111111111111111111111111111111111111111111111000000000000000000011111111000000000000000000000000000000000000000000000011100110000000000000000000011011111111111111111111111111111111111111111111111111000000000000000001111111111111111110000000000000000000000000000000000000000000000000000000000000000001111100
00000000000000111111100000011111111111111111111111111111111111111111111111111111111111111111111111111111111111111111111111111111111111111111111111111111111111111111111100000000000000000001111111000000000000000000000000000000000000000000000001111110000000000000000001111111111111111111111111111111111111111111111111111110000000000000000011111111111111111110000000000000000000000000000000000000000000000000000000000000000001111100
00000001111001111111100000001011110111111111111111111111111111111111111111111111111111111111111111111111111111111111111111111111111111111111111111111111111111111111111111111111110011111000011111000000000000000000000000000000000000000000111111111000110000000000000111111111111111111111111111111111111111111111111111111100000000000000000011111111111101111100000000000000000000000000000000000000000000000000000000000000000000111000
00000001111001111111100000000001110111111111111111111111111111111111111111111111111111111111111111111111111111111111111111111111111111111111111111111111111111111111111111111111110011111000001111000000000000000000000000000000000000000001111111111001110000000000000111111111111111111111111111111111111111111111111111110000000000000000000011111111110000111000000000000000000000000000000000000000000000000000000000000000000000000000
00000011111111111111110000011111111111111111111111111111111111111111111111111111111111111111111111111111111111111111111111111111111111111111111111111111111111111111111111111111111111111000000011111111111100000000000000000000000000011111111111111111111110111111111111111111111111111111111111111111111111111111111111100000000000000000000011111111110000000000000000000000000001111100000000000000000000000000000000000000000000000000
00000011111111111111110000011111111111111111111111111111111111111111111111111111111111111111111111111111111111111111111111111111111111111111111111111111111111111111111111111111111111111110001111111111111111000000000000000000000000011111111111111111111111111111111111111111111111111111111111111111111111111111111111111000000000000000000011111111100000000000000000000000001111111100000000000000000000000000000000000000000000000000
00000001111111111111110001111111111111111111111111111111111111111111111111111111111111111111111111111111111111111111111111111111111111111111111111111111111111111111111111111111111111111111111111111111111111111110100000000000000000011111111111111111111111111111111111111111111111111111111111111111011111111111111111111100000000000010000011000000001111000000000000000000111111111100000000000000000000000000000000000000000000000000
00000001111111111111110001111111111111111111111111111111111111111111111111111111111111111111111111111111111111111111111111111111111111111111111111111111111111111111111111111111111111111111111111111111111111111111100000000000000000001111111111111111111111111111111111111111111111111111111111111111111111111111111111111111000000111010000010000001111111110000000000000000111111111111000000000000000000000000111000000000000000000000
00000000001111111111111110011111111111111111111111111111111111111111111111111111111111111111111111111111111111111111111111111111111111111111111111111111111111111111111111111111111111111111111111111111111111111111100000000110000000011101111111111111111111111111111111111111111111111111111111111111111111111111111111111111111100111110000011111111111111110000000000000011111111111111000000000000000000000011111111110000000000000000
00000000000001111111111110000111111111111110111111111111111111111111111111111111111111111111111111111111111111111111111111111111111111111111111111111111111111111111111111111111111111111111111111111111111111111111000000000110000000011111111111111111111111111111111111111111111111111111111111111111111111111111111111111111111100111110000011111111111111110000000000000011111111111111000000000000000000000011111111110000000000000000
00000000000000011111111111100111111111111100000011111111111111111111111111111111111111111111111111111111111111111111111111111111111111111111111111111111111111111111111111111111111111111111111111111111111111111111110011111111100000111111111111111111111111111111111111111111111111111110011111111111111111111111111111111111111111110000000000001111111110111100000000001111111111111111100000000000000000000111111111110000000000000000
00000000000000011111111111111111111111111101111111111111111111111111111111111111111111111111111111111111111111111111111111111111111111111111111111111111111111111111111111111111111111111111111111111111111111111111111111111111100000111111111111111111111111111111111111111111111111111100011111111111111111111111111111111111111111111100000000001111111111111110000000001111111111111111111111110000000000000111111111110000000000000000
00000000000000000011111111111111111111111111111110000110011111111111111111111111111111011111111111111111111111111111111111111111111111111111111111111111111111111111111111111111111111111111111111111111111111111111111111111000000000000111111111111111111111111111111111111111111111111111111111111111111111111111111111111111111111111111000001110111111111111000000000001111111111111111111111111000000000000000000000000000000000000000
00000000000000000011111111111111111111111111111110000110011111111111111111111111111111101111111111111111111111111111111111111111111111111111111111111111111111111111111111111111111111111111111111111111111111111111111111111000000000011111111111111111111111111111111111111111111111111111111111111111111011111111111111011111111101111111000001111111111111110000000000001111111111111111111111111111111000000000000000000000000000000000
00000000000000000001111111111111111111111111110000000110000000011011111111111111111111101111111111111111111111111111111111111111111111111111111111111111111111111111111111111111111111111111111111111111111111111111111110000000000000011111111111111111111111111111111111111111111111111111111111111111111111111110000111001111111100111110000000111111111100000000000000001111111111111111111111111111111111110000000000000000000000000000
00000000000000000000011111111111111111100000000000000000000000000000000111111000011111101111111111111111111111111111111111111111111111111111111111111111111111111111111111111111111111111111111111111111000111111111000000000000000000000001111111111111111111111111111100011111111111111011110000111111111111111110000110001111100000011110000000111111111100000000000000001111111111111111111111111111111111110000000000000000000000000000
00000000000000000000000000000111111110000000000000000000000000011110000000000000111111101111111111111111111111111111111111111111111111111111111111111111111111111111111111111111111111111111111000000000000000000000001110000000000000000000001111111111111110000000000000000000000000000111100011111111111111111100000100111110011111111111111111111111111000000000000000011111111111111111111111111111111111111100000000000000000000000000
00000000000000000000000000000000000000000000000000000000000000111110000000000000011111101111111111111111111111111111111111111111111111111111111111111111111011111111111111111111111100000000000000000000000000000000001110000000000000000000000000000000000000000000000000000000000000000111100011111111111111111000001100111110011111111111111111111111000000000000000000011111111111111111111111111111111111111100000000000000000000000000
00000000000000000000000000000000000000000000000000000000000000011110000000000000001111100110000011111111111111111111111111111111111111111111111111111111110000000000001111111100000000000000000000000000000000000000000000000000000000000000000000000000000000000000000000000000000000001111111111111111111111100001111110011000011111111111100111110000000000000000000000111111111111111111111111111111111111111100000000000000000000000000
00000000000000000000000000000000000000000000000000000000000000011111000000000000001111100110000011111111111111111111111111111111111111111111111111111111110000000000000111111000000000000000000000000000000000000000000000000000000000000000000000000000000000000000000000000000000000001111111111111110111011100001111110111111011111001111111111110000000000000000000000111111111111111111111111111111111111111111000000000000000000000000
00000000000000000000000000000000000000000000000000000000000000000111111000000000000000000000000001111111111111111111111111111111111111111111100000001100100000000000000011000000000000000000000000000000000000000000000000000000000000000000000000000000000000000000000000000000000000000111111111100010000000000000111100111111000111000110111110000000000000000000000000111111111111111111111111111111111111111111100000000000000000000000
00000000000000000000000000000000000000000000000000000000000000000111111000000000000000000000000000000001111111111111111111111111111111000000000000000000000000000000000000000000000000000000000000000000000000000000000000000000000000000000000000000000000000000000000000000000000000000001100000000110000000000000000000000000000000000000000000000000000000000000000001111111111111111111111111111111111111111111100000000000000000000000
00000000000000000000000000000000000000000000000000000000000000000000111111100011111000000000000000000000000111111111111111111111111111110000000000000000000000000001111111111011000000000000000000000000000000000000000000000000000000000000000000000000000000000000000000000000000000000001111011111111111111100000011100111011111111111111110000000000001111111111111111111111111111111111111111111111111111111111110000000000000000000000
00000000000000000000000000000000000000000000000000000000000000000000000000000111111000000000000000000000000000000000000111111111111111000000000000000000000000000000000000000000000000000000000000000000000000000000000000000000000000000000000000000000000000000000000000000000000000000001111011000000011000000000011100111111111111111111111000000000001111111111111111111111111111111111111111111111111111111111110000000000000000000000
00000000000000000000000000000000000000000000000000000000000000000000000000000000000000000000000000000000000000000000000000111100000000000000000000000000000000000000000000000000000000000000000000000000000000000000000000000000000000000000000000000000000000000000000000000000000000000000000110000011100000000000000000000000000011111111111100000000001111111111111111111111111111111111111111111111111111111111100000000000000000000000
00000000000000000111110001100000000000000000000000000000000000000000000000000000000000000000000000000000000000000000000111111100000000000000000000000000000000000000000000000000000000000000000000000000000000000000000000000000000000000000000000000000000000000000000000000000000000000000000100000011100000000111100111000111111011111111111111110001111111111111111111111111111111111111111111111111111111111111100000000000000000000000
00000000000000011111111001111110000000000000000000000000000000000000000000000000000000000000000000000000000000001111111111111100000000000000000000000000000000000000000000000000000000000000000000000000000000000000000000000000000000000000000000000000000000000000000000000000000000000000000000000000000000000111100011011111111111111111111111110001111111111111111111111111111111111111111111111111111111111111110000000000000000000000
00000000000000011111111001111110000000000000000000000000000000000000000000000000000000000000000000000000000000001111111100000000000000000000000000000000000000000000000000000000000000000000000000000000000000000000000000000000000000000000000000000000000000000000000000000000000000000000000000000000000000000000000000011111111111111111111111110000000000111111111111111111111111111111111111111111111111111111110000000000000000000000
00000000000000000000000000000000000000000000000000000000000000000000000000000000000000000000000000000000000000011111000000000000000000000000000000000000000000000000000000000000000000000000000000000000000000000000000000000000000000000000000000000000000000000000000000000000000000000000000000000000000000000000000000011111111111111111111111111111111111111111111111111111111111111111111111111111111111111111111111111000000000000000
00000000000000000000000000000000000000000000000000000000000000000000000000000000000000000000000000000000000000000000000000000000000000000000000000000000000000000000000000000000000000000000000000000000000000000000000000000000000000000000000000000000000000000000000000000000000000000000000000000000000000000000000000000000011111111111111111111111111111110000111111111111111111111111111111111111111111111111111111111000000000000000
00000000000000000000000000000000000000000000000000000000000000000000000000000000000000000000000000000000000000000000000000000000000000000000000000000000000000000000000000000000000000000000000000000000000000000000000000000000000000000000000000000000000000000000000000000000000000000000000000000000000000000000000000000000000000000011111111111111111111111110000000000000000011111111111111111111111111111100000000000000000000000000
00000000000000000000000000000000000000000000000000000000000000000000000000000000000000000000000000000000000000000000000000000000000000000000000000000000000000000000000000000000000000000000000000000000000000000000000000000000000000000000000000000000000000000000000000000000000000000000000000000000000000000000000000000000000000000001111111111111111111111110000000000000000011110011111111111111111111111000000000000000000000000000
00000000000000000000000000000000000000000000000000000000000000000000000000000000000000000000000000000000000000000000000000000000000000000000000000000000000000000000000000000000000000000000000000000000000000000000000000000000000000000000000000000000000000000000000000000000000000000000000000000000000000000000000000000000000000000000000000000000000000000000000000000000000000000000000011111111111000000000000000000000000000000000
00000000000000000000000000000000000000000000000000000000000000000000000000000000000000000000000000000000000000000000000000000000000000000000000000000000000000000000000000000000000000000000000000000000000000000000000000000000000000000000000000000000000000000000000000000000000000000000000000000000000000000000000000000000000000000000000000000000000000000000000000000000000000000000000000000000000000000000000000000000000000000000
00000000000000000000000000000000000000000000000000000000000000000000000000000000000000000000000000000000000000000000000000000000000000000000000000000000000000000000000000000000000000000000000000000000000000000000000000000000000000000000000000000000000000000000000000000000000000000000000000000000000000000000000000000000000000000000000000000000000000000000000000000000000000000000000000000000000000000000000000000000000000000000
00000000000000000000000000000000000000000000000000000000000000000000000000000000000000000000000000000000000000000000000000000000000000000000000000000000000000000000000000000000000000000000000000000000000000000000000000000000000000000000000000000000000000000000000000000000000000000000000000000000000000000000000000000000000000000000000000000000000000000000000000000000000000000000000000000000000000000000000000000000000000000000
00000000000000000000000000000000000000000000000000000000000000000000000000000000000000000000000000000000000000000000000000000000000000000000000000000000000000000000000000000000000000000000000000000000000000000000000000000000000000000000000000000000000000000000000000000000000000000000000000000000000000000000000000000000000000000000000000000000000000000000000000000000000000000000000000000000000000000000000000000000000000000000
00000000000000000000000000000000000000000000000000000000000000000000000000000000000000000000000000000000000000000000000000000000000000000000000000000000000000000000000000000000000000000000000000000000000000000000000000000000000000000000000000000000000000000000000000000000000000000000000000000000000000000000000000000000000000000000000000000000000000000000000000000000000000000000000000000000000000000000000000000000000000000000
00000000000000000000000000000000000000000000000000000000000000000000000000000000000000000000000000000000000000000000000000000000000000000000000000000000000000000000000000000000000000000000000000000000000000000000000000000000000000000000000000000000000000000000000000000000000000000000000000000000000000000000000000000000000000000000000000000000000000000000000000000000000000000000000000000000000000000000000000000000000000000000
00000000000000000000000000000000000000000000000000000000000000000000000000000000000000000000000000000000000000000000000000000000000000000000000000000000000000000000000000000000000000000000000000000000000000000000000000000000000000000000000000000000000000000000000000000000000000000000000000000000000000000000000000000000000000000000000000000000000000000000000000000000000000000000000000000000000000000000000000000000000000000000
