123456789 123456789 123456789 123456789 1234567
(30X,I2)
(30X,F17.11)
 model_levels =               50
 first_constant_r_rho_level = 30
 z_top_of_model =             62918.64699999984
 level 	Zsea_rho nominal p 	eta	  Zsea_theta  nominal p      eta	
 
  1      10.000  100000.000    .0001589      20.000   99762.867    .0003179
  2      50.000   99526.090    .0007947      80.000   99053.912    .0012715
  3     130.000   98583.358    .0020662     180.000   97880.942    .0028608
  4     250.000   97182.302    .0039734     320.000   96257.095    .0050859
  5     410.000   95338.661    .0065164     500.000   94200.637    .0079468
  6     610.000   93073.170    .0096951     720.000   91734.680    .0114433
  7     850.000   90411.256    .0135095     980.000   88886.854    .0155757
  8    1130.000   87382.674    .0179597    1280.000   85688.911    .0203437
  9    1450.000   84021.086    .0230456    1620.000   82176.281    .0257475
 10    1810.000   80363.589    .0287673    2000.000   78387.563    .0317871
 11    2210.000   76450.173    .0351247    2420.000   74363.963    .0384624
 12    2650.000   72323.137    .0421179    2880.000   70148.683    .0457734
 13    3130.000   68026.465    .0497468    3380.000   65786.288    .0537202
 14    3650.000   63605.172    .0580114    3920.000   61322.042    .0623027
 15    4210.000   59104.640    .0669118    4500.000   56801.240    .0715209
 16    4810.000   54569.953    .0764479    5120.000   52268.545    .0813749
 17    5450.000   50045.228    .0866198    5780.000   47767.334    .0918647
 18    6130.000   45572.981    .0974274    6480.000   43339.071    .1029901
 19    6850.000   41193.523    .1088707    7220.000   39022.739    .1147514
 20    7610.000   36944.423    .1209498    8000.000   34854.342    .1271483
 21    8410.000   32860.054    .1336647    8820.000   30866.499    .1401810
 22    9250.000   28971.231    .1470152    9680.000   27088.116    .1538495
 23   10130.000   25304.918    .1610016   10580.000   23544.127    .1681536
 24   11050.000   21886.594    .1756236   11520.000   20299.517    .1830936
 25   12010.000   18810.968    .1908814   12500.000   17391.959    .1986692
 26   13010.000   16065.854    .2067749   13520.000   14807.135    .2148807
 27   14050.000   13635.033    .2233042   14580.000   12527.178    .2317278
 28   15130.000   11499.217    .2404693   15680.000   10531.620    .2492107
 29   16250.000    9636.960    .2582700   16820.000    8798.261    .2673293
 30   17410.000    8025.490    .2767065   18000.000    7303.956    .2860837
 31   18590.015    6662.418    .2954611   19180.029    6063.418    .3048386
 32   19770.265    5530.648    .3142195   20360.501    5035.617    .3236004
 33   20951.696    4594.690    .3329966   21542.891    4184.897    .3423928
 34   22136.667    3818.796    .3518300   22730.443    3478.544    .3612672
 35   23329.662    3173.115    .3707909   23928.880    2889.410    .3803146
 36   24537.996    2632.999    .3899956   25147.112    2395.159    .3996766
 37   25772.527    2178.274    .4096167   26397.942    1977.617    .4195567
 38   27048.358    1792.660    .4298941   27698.774    1622.245    .4402316
 39   28385.549    1463.277    .4511468   29072.323    1317.691    .4620621
 40   29809.823    1180.245    .4737836   30547.323    1055.414    .4855051
 41   31353.278     936.310    .4983146   32159.233     830.340    .5111240
 42   33055.089     728.721    .5253624   33950.945     639.542    .5396007
 43   34962.220     553.727    .5556734   35973.494     479.594    .5717462
 44   37130.130     408.395    .5901292   38286.766     348.049    .6085122
 45   39623.485     290.551    .6297574   40960.204     242.886    .6510026
 46   42516.860     198.086    .6757434   44073.516     161.852    .7004842
 47   45895.451     128.426    .7294412   47717.385     102.163    .7583982
 48   49855.781      77.889    .7923848   51994.177      58.929    .8263715
 49   54506.412      42.149    .8662998   57018.647      29.792    .9062281
 50   59968.647      19.576    .9531141   62918.647      12.644   1.0000000
