123456789 123456789 123456789 123456789 1234567
(30X,I2)
(30X,F17.11)
 model_levels =               38
 first_constant_r_rho_level = 30 
 z_top_of_model =             39254.833576 
 level 	Zsea_rho nominal p 	eta	  Zsea_theta  nominal p      eta	
 
  1      10.000  100000.000    .0002547      20.000   99762.867    .0005095
  2      50.000   99526.090    .0012737      80.000   99053.912    .0020380
  3     130.000   98583.358    .0033117     180.000   97880.942    .0045854
  4     250.000   97182.302    .0063686     320.000   96257.095    .0081519
  5     410.000   95338.661    .0104446     500.000   94200.637    .0127373
  6     610.000   93073.170    .0155395     720.000   91734.680    .0183417
  7     850.000   90411.256    .0216534     980.000   88886.854    .0249651
  8    1130.000   87382.674    .0287863    1280.000   85688.911    .0326074
  9    1450.000   84021.086    .0369381    1620.000   82176.281    .0412688
 10    1810.000   80363.589    .0461090    2000.000   78387.563    .0509491
 11    2210.000   76450.173    .0562988    2420.000   74363.963    .0616485
 12    2650.000   72323.137    .0675076    2880.000   70148.683    .0733668
 13    3130.000   68026.465    .0797354    3380.000   65786.288    .0861040
 14    3650.000   63605.172    .0929822    3920.000   61322.042    .0998603
 15    4210.000   59104.640    .1072479    4500.000   56801.240    .1146356
 16    4810.000   54569.953    .1225327    5120.000   52268.545    .1304298
 17    5450.000   50045.228    .1388364    5780.000   47767.334    .1472430
 18    6130.000   45572.981    .1561591    6480.000   43339.071    .1650752
 19    6850.000   41193.523    .1745008    7220.000   39022.739    .1839264
 20    7610.000   36944.423    .1938615    8000.000   34854.342    .2037966
 21    8410.000   32860.054    .2142411    8820.000   30866.499    .2246857
 22    9250.000   28971.231    .2356398    9680.000   27088.116    .2465938
 23   10130.000   25304.918    .2580574   10580.000   23544.127    .2695209
 24   11050.000   21886.594    .2814940   11520.000   20299.517    .2934670
 25   12010.000   18810.968    .3059496   12500.000   17391.959    .3184321
 26   13010.000   16065.854    .3314242   13520.000   14807.135    .3444162
 27   14050.400   13634.172    .3579279   14580.800   12525.597    .3714396
 28   15137.720   11485.222    .3856269   15694.640   10507.327    .3998142
 29   16284.975    9583.938    .4148527   16875.310    8721.831    .4298913
 30   17506.969    7903.664    .4459825   18138.628    7145.969    .4620737
 31   18820.819    6424.215    .4794523   19503.010    5762.234    .4968308
 32   20246.599    5132.648    .5157734   20990.188    4563.039    .5347160
 33   21808.135    4020.943    .5555529   22626.082    3536.758    .5763897
 34   23542.184    3072.687    .5997270   24458.285    2664.975    .6230643
 35   25520.962    2266.711    .6501355   26583.639    1925.108    .6772068
 36   27901.359    1578.023    .7107751   29219.079    1292.113    .7443435
 37   31063.887     981.432    .7913392   32908.695     749.767    .8383348
 38   36081.764     481.424    .9191674   39254.834     314.744   1.0000000
