123456789 123456789 123456789 123456789 123456789 123456789 123456
(30X,I2)
(30X,F17.11)
 model_levels =               70
 first_constant_r_rho_level = 50
 z_top_of_model =             80000.00
 level 	Zsea_rho nominal p 	eta       Zsea_theta  nominal p      eta	
 
  1      10.000  100000.000   0.0001250      20.000   99762.867   0.0002500
  2      36.667   99683.898   0.0004583      53.333   99368.609   0.0006667
  3      76.667   99211.211   0.0009583     100.000   98818.703   0.0012500
  4     130.000   98583.719   0.0016250     160.000   98115.227   0.0020000
  5     196.667   97803.789   0.0024583     233.333   97260.844   0.0029167
  6     276.667   96874.383   0.0034583     320.000   96258.789   0.0040000
  7     370.000   95799.008   0.0046250     420.000   95112.859   0.0052500
  8     476.667   94581.734   0.0059583     533.333   93827.367   0.0066667
  9     596.667   93227.148   0.0074583     660.000   92407.164   0.0082500
 10     730.000   91740.344   0.0091250     800.000   90857.578   0.0100000
 11     876.667   90126.898   0.0109583     953.334   89184.406   0.0119167
 12    1036.667   88392.828   0.0129583    1120.000   87393.891   0.0140000
 13    1210.000   86544.586   0.0151250    1300.000   85492.672   0.0162500
 14    1396.667   84589.016   0.0174583    1493.334   83487.773   0.0186667
 15    1596.667   82533.320   0.0199583    1700.000   81386.563   0.0212500
 16    1810.000   80385.023   0.0226250    1920.000   79196.719   0.0240000
 17    2036.667   78151.953   0.0254583    2153.334   76926.180   0.0269167
 18    2276.667   75842.188   0.0284583    2400.000   74583.133   0.0300000
 19    2530.000   73464.000   0.0316250    2660.001   72175.945   0.0332500
 20    2796.667   71025.852   0.0349583    2933.334   69713.133   0.0366667
 21    3076.667   68536.320   0.0384583    3220.000   67203.320   0.0402500
 22    3370.001   66004.078   0.0421250    3520.000   64655.203   0.0440000
 23    3676.667   63437.844   0.0459583    3833.334   62077.488   0.0479167
 24    3996.667   60846.332   0.0499583    4160.000   59478.883   0.0520000
 25    4330.001   58238.211   0.0541250    4500.001   56868.000   0.0562500
 26    4676.668   55622.074   0.0584584    4853.334   54253.375   0.0606667
 27    5036.667   53006.387   0.0629583    5220.001   51643.387   0.0652500
 28    5410.001   50399.438   0.0676250    5600.001   49046.234   0.0700000
 29    5796.668   47809.328   0.0724583    5993.334   46469.879   0.0749167
 30    6196.667   45243.906   0.0774583    6400.001   43922.020   0.0800000
 31    6610.001   42710.727   0.0826250    6820.002   41410.063   0.0852500
 32    7036.672   40217.023   0.0879584    7253.342   38941.063   0.0906668
 33    7476.690   37769.660   0.0934586    7700.039   36521.652   0.0962505
 34    7930.085   35375.027   0.0991261    8160.133   34157.977   0.1020017
 35    8396.920   33039.004   0.1049615    8633.707   31855.646   0.1079213
 36    8877.306   30766.893   0.1109663    9120.905   29619.641   0.1140113
 37    9371.434   28563.338   0.1171429    9621.962   27454.279   0.1202745
 38    9879.598   26432.316   0.1234950   10137.233   25363.184   0.1267154
 39   10402.239   24377.070   0.1300280   10667.245   23349.232   0.1333406
 40   10939.989   22394.516   0.1367499   11212.732   21424.107   0.1401592
 41   11493.719   20521.406   0.1436715   11774.704   19606.658   0.1471838
 42   12064.604   18754.145   0.1508076   12354.506   17892.988   0.1544313
 43   12654.205   17088.553   0.1581776   12953.903   16278.701   0.1619238
 44   13264.532   15520.061   0.1658067   13575.160   14759.074   0.1696895
 45   13898.152   14043.838   0.1737269   14221.144   13329.213   0.1777643
 46   14558.290   12654.981   0.1819786   14895.436   11984.241   0.1861929
 47   15248.947   11348.708   0.1906118   15602.459   10719.493   0.1950307
 48   15975.034   10120.551   0.1996879   16347.611    9530.724   0.2043451
 49   16742.518    8966.562   0.2092815   17137.422    8414.302   0.2142178
 50   17558.574    7883.518   0.2194822   17979.727    7367.396   0.2247466
 51   18431.783    6869.084   0.2303973   18883.838    6388.160   0.2360480
 52   19372.307    5921.968   0.2421538   19860.775    5475.810   0.2482597
 53   20392.113    5044.018   0.2549014   20923.453    4634.511   0.2615432
 54   21505.199    4237.325   0.2688150   22086.947    3864.583   0.2760868
 55   22727.850    3502.798   0.2840981   23368.750    3167.226   0.2921094
 56   24078.898    2841.901   0.3009862   24789.047    2544.045   0.3098631
 57   25580.037    2256.257   0.3197505   26371.025    1996.555   0.3296378
 58   27256.115    1747.084   0.3407014   28141.205    1525.544   0.3517651
 59   29135.490    1314.522   0.3641936   30129.773    1130.419   0.3766222
 60   31250.379     957.008   0.3906297   32370.986     810.372   0.4046373
 61   33637.266     674.901   0.4204658   34903.543     562.554   0.4362943
 62   36337.289     460.272   0.4542161   37771.031     377.143   0.4721379
 63   39396.711     302.731   0.4924589   41022.387     243.521   0.5127798
 64   42867.375     191.470   0.5358422   44712.363     150.917   0.5589045
 65   46807.211     115.923   0.5850902   48902.066      88.916   0.6112759
 66   51280.766      65.466   0.6410096   53659.457      47.733   0.6707432
 67   56359.730      33.044   0.7044966   59060.000      22.556   0.7382500
 68   62123.609      14.425   0.7765451   65187.219       9.063   0.8148403
 69   68660.281       5.278   0.8582535   72133.344       3.031   0.9016668
 70   76066.672       1.607   0.9508334   80000.000       0.846   1.0000000
