   1.6937725644870680e+00   1.7835587743576458e+00   2.2237652977508966e+00   2.6743496865727145e+00   3.3494739399573445e+00   3.9700873731324204e+00   4.6028662984516746e+00   5.3318612751821925e+00   6.2542863141976177e+00   7.0982225464730835e+00   7.8766941625473113e+00
   2.8519828532721729e+00   3.0265993582228150e+00   2.1855932136688105e+00   8.4253224046587682e-01   6.7923141682402335e-10   4.0482102406027498e-06   9.6768359586839109e-04   1.6689814321573935e-02   5.8355027934673884e-02   1.4617441220814475e-01   2.6214553287216169e-01
   2.4886750265729223e+00   9.7047166574335975e-01   2.3570143553171828e-16   7.3759187996724115e-13   6.4938840960346493e-06   6.2754329698179508e-03   6.2902400576544046e-02   2.3083393487438181e-01   5.0276139274339360e-01   1.0067685940646822e+00   1.5581414533539641e+00
   1.2465703678324469e+00   2.3700992045912177e-17   4.6046118445052163e-15   3.4400150187063433e-09   5.2786147047316628e-03   9.6463394684929066e-02   2.9991299370427260e-01   1.0249050806912212e+00   1.5517135272670761e+00   3.0636910366177093e+00   4.5197394192750640e+00
   7.6820645048953334e-02   9.0366351496948341e-23   1.2528585565414678e-14   5.1612793944977320e-04   4.9438614468566219e-02   3.1083056066328196e-01   1.2588344768958479e+00   2.8502465014276215e+00   5.3113796804898765e+00   7.8155853956595367e+00   9.6951917490337465e+00
   3.4546342070416586e-21   5.0894396848443458e-19   5.3621186258015548e-12   8.0462114059897533e-03   2.1685287391000793e-01   1.2857318150395067e+00   3.8266714596154259e+00   7.4104191963208503e+00   1.0584988088552715e+01   1.3385843075729777e+01   1.5574520055938667e+01
   1.1782112301363109e-23   1.2983604667677924e-17   5.3203014081348330e-06   5.8675744356900351e-02   7.8132430591707236e-01   4.2722600739457821e+00   9.0188314178539670e+00   1.3037892552488470e+01   1.6451572525481410e+01   1.9032493496533959e+01   2.1470415331567608e+01
   7.4400705973186846e-28   1.4549110974860425e-17   1.2338880730609456e-03   2.1675186899600751e-01   3.6279640569947196e+00   1.0043575457177486e+01   1.5343616637925573e+01   1.9156076108251654e+01   2.2148762745482703e+01   2.4755477287645412e+01   2.6808741201344731e+01
   1.1266288060518106e-30   2.1699539182532900e-16   1.3525434675002310e-02   1.3936208121236293e+00   1.0456034695820554e+01   1.7107199440355835e+01   2.1881339586426996e+01   2.5164456900256457e+01   2.7911894427548766e+01   2.9969778931278839e+01   3.2095259906128653e+01
   4.0472300641843628e-21   3.2047688835958595e-15   8.0689170358854423e-02   9.4549182795036053e+00   1.9515178779315946e+01   2.5175855745488327e+01   2.8698985087384962e+01   3.0995896561966219e+01   3.2983667125612243e+01   3.4910293777705050e+01   3.7142282511940458e+01
   1.2798854087436486e-26   1.1943587385653753e-09   4.9025076807705648e-01   2.0956344198574037e+01   3.0172654678898379e+01   3.3753197236062093e+01   3.5562921428407762e+01   3.6525722224516798e+01   3.7718503935702230e+01   3.9442787090002042e+01   4.1734686300329976e+01
   3.4262013594290653e-25   1.5345464150354194e-04   2.1104082517676638e+01   3.7194520849094658e+01   4.2021819567228910e+01   4.2377372507648602e+01   4.2008757435079040e+01   4.1740896551760713e+01   4.2252396609282798e+01   4.3906736000540548e+01   4.6178580410648017e+01
   1.8911281507792777e-23   1.3040126262670246e-02   5.1578527494976925e+01   5.8451423466634537e+01   5.5744007151548857e+01   5.1435541830480616e+01   4.8044357678686509e+01   4.6370412497603084e+01   4.6366667963217665e+01   4.7867917769270782e+01   5.0485009922583501e+01
   6.1525504613813683e-24   1.0011053399907695e+02   1.0370581599586242e+02   8.1297780824566885e+01   6.8349410320405781e+01   5.9777818091724676e+01   5.3855925129016022e+01   5.0635411562293797e+01   5.0155838329038964e+01   5.1679105104627006e+01   5.4515575824763360e+01
   1.8329349207686980e-22   2.7014159455079453e+03   1.9285114637837270e+02   1.0967820130101681e+02   8.1491399398211342e+01   6.6564116301965896e+01   5.8630478126802245e+01   5.4465192500113709e+01   5.3595814005760992e+01   5.5165428077271770e+01   5.8419004624238063e+01
   1.9280575632906044e-29   2.2877914360121642e+04   5.3118574430705212e+02   1.5041713541212189e+02   9.5859072592131724e+01   7.3339140461244483e+01   6.2557833024913549e+01   5.7843236966095702e+01   5.6853108905824527e+01   5.8658130442324151e+01   6.2138062192760145e+01
   1.2618970729437970e+04   2.9487398629835719e+04   4.5468374339015963e+03   2.0464966856665723e+02   1.1066206031959133e+02   8.0110011885709866e+01   6.6303366494005772e+01   6.0581689409905948e+01   5.9637925934463560e+01   6.1712311179521834e+01   6.5822816150106220e+01
   1.7825302663505514e+04   4.3278651879764249e+04   9.8065055976824005e+03   2.7282589729945335e+02   1.2572614913024475e+02   8.5981385352823850e+01   6.9684315827387820e+01   6.3168168836548112e+01   6.2193127651559266e+01   6.4780659141943261e+01   6.9681748271397609e+01
   4.7432465766351743e+04   5.1437287815447940e+04   1.3662826816159337e+04   3.6348123743195549e+02   1.4104159280354287e+02   9.1336905576478117e+01   7.2536647781912990e+01   6.5588375065530784e+01   6.4749400276461273e+01   6.7935046142156466e+01   7.3464210615571858e+01
   3.4493444628080571e+04   5.8128606925920234e+04   2.0253342642344971e+04   4.7425584301329854e+02   1.5453593413459686e+02   9.6650576270774053e+01   7.5328158567468449e+01   6.8007054212382329e+01   6.7309605796157769e+01   7.1130521653039295e+01   7.7424224240301328e+01
   5.1904962037265272e+04   6.5412406628804456e+04   4.4610501081212860e+04   6.2569627949183166e+02   1.6616285040407672e+02   1.0037472842620919e+02   7.8015456266193894e+01   7.0145286664104617e+01   6.9846551354852863e+01   7.4102336292276519e+01   8.1062208414230639e+01
   5.0347311398462538e+04   1.6249133585402975e+05   5.7137082784398764e+04   7.9442225948992404e+02   1.7546672793562288e+02   1.0419825928688019e+02   8.0105648741935568e+01   7.2232180869492367e+01   7.2073172685403506e+01   7.7012591064189010e+01   8.4959529946316820e+01
   5.5259108937044206e+04   1.0747839487435084e+05   5.8834776125306933e+04   1.0047544729960393e+03   1.8431682442053787e+02   1.0637698653869383e+02   8.1783419562347802e+01   7.4100629518924947e+01   7.4556677945991822e+01   8.0257117171767305e+01   8.8616303090231753e+01
   6.6555928741048253e+05   7.8812092435806990e+04   6.6340050292489032e+04   1.2441203686664528e+03   1.9154159723000794e+02   1.0881593119021700e+02   8.3525716741358579e+01   7.5921599697137140e+01   7.7191540081637811e+01   8.3201682801550035e+01   9.2087078303371371e+01
   3.6993978743412733e+07   9.0852130107488018e+04   6.8487907353899442e+04   1.4945212295714909e+03   1.9606879726445129e+02   1.1077832774015479e+02   8.4864377043662785e+01   7.7592664254171041e+01   7.9461606222502382e+01   8.6547479614082533e+01   9.6293705842504437e+01
   6.2776331597250819e+07   1.1499043553868655e+05   7.5830888421532291e+04   1.7085387746880651e+03   2.0095552867143851e+02   1.1239217619227797e+02   8.6509997484837015e+01   7.9495855800380383e+01   8.1599776117493292e+01   8.9428271204698291e+01   1.0003130577878873e+02
   6.4879181543687969e+07   2.3950124207105453e+05   7.1575082856104535e+04   1.8950984599009780e+03   2.0287895005644583e+02   1.1357999290371899e+02   8.7518404368670787e+01   8.1119869512951752e+01   8.3799718079089814e+01   9.2255626723678901e+01   1.0374486459879851e+02
   6.6666698419615351e+07   1.1530303360305319e+05   8.2915264989114512e+04   2.0433473271309158e+03   2.0570746246546071e+02   1.1413325174647750e+02   8.8891382917344657e+01   8.2710621937516194e+01   8.6416133021193673e+01   9.5734572638141742e+01   1.0737751519690968e+02
   6.9200733742220730e+07   9.4004110796167050e+04   8.9305337084328930e+04   2.0121690015028760e+03   2.0627317626204592e+02   1.1461339898926698e+02   9.0071173163713411e+01   8.4299486518940626e+01   8.8400683768773973e+01   9.8607387306672024e+01   1.1119729151164756e+02
   7.1580259807326347e+07   1.0633646384035607e+05   8.9617170736708009e+04   2.0093675928635969e+03   2.0611164241201368e+02   1.1559429018604504e+02   9.0800468260554069e+01   8.5769761233682488e+01   9.0630757938281334e+01   1.0144444377689484e+02   1.1480131392550415e+02
   7.3087525335374072e+07   1.5211383930435387e+05   1.0355209873321917e+05   1.9647602105768251e+03   2.0435029387249091e+02   1.1544019253841250e+02   9.1538844384016301e+01   8.7136687957440159e+01   9.2859002511660492e+01   1.0433672480709589e+02   1.1839939621472045e+02
   1.6937725644870680e+00   1.7835587743576458e+00   2.2237652977508966e+00   2.6743496865727145e+00   3.3494739399573445e+00   3.9700873731324204e+00   4.6028662984516746e+00   5.3318612751821925e+00   6.2542863141976177e+00   7.0982225464730835e+00   7.8766941625473113e+00
   1.9742479137708540e+00   3.0469729849171081e+00   3.4163799516441169e+00   2.8557186879511889e+00   2.1677130625140446e+00   2.5262323956747124e-01   1.7015597034806851e-04   1.7192438533433106e-03   1.1721078742774321e-02   3.3666659752308065e-02   7.8418208507347251e-02
   3.0282882943583251e+00   2.7009116575842116e+00   1.6500223502875704e+00   8.9190602712765063e-02   1.3363559675777932e-09   5.7360411534114220e-05   4.3118011014933923e-03   4.4082017604568632e-02   1.1478131355051292e-01   2.4737297214880641e-01   4.6924284663691596e-01
   2.8806832207692681e+00   1.3167464664579116e+00   1.3805937252689429e-09   3.0453021326685152e-12   2.4072633829692714e-06   4.1960425072648869e-03   4.4902547600049955e-02   1.4911783840412551e-01   3.6990544568281014e-01   7.2121144484420197e-01   1.2262051250911710e+00
   1.9068164996897139e+00   1.2944784781570629e-01   1.2918524507895379e-16   4.1118683592846424e-11   6.0531517957404155e-04   1.9285996744165312e-02   1.4322124443450071e-01   4.2064413782130450e-01   1.1060129537256547e+00   1.4498120953993059e+00   2.2730861873251662e+00
   1.1763396087408360e+00   9.6809808829362414e-18   1.3148852064368309e-15   2.7667318586787051e-09   4.3760322839589329e-03   9.7466639716924569e-02   3.2513711823281100e-01   1.0809400850373025e+00   1.7010317253104206e+00   3.2129032322517244e+00   4.7461529115568224e+00
   3.2927717757292851e-01   7.0138964260609764e-21   1.0140152450957574e-14   2.1118242883231875e-05   3.2055736207275892e-02   2.2928643824955736e-01   8.8208483517512082e-01   1.7260238345158525e+00   3.7372761528219574e+00   5.8597554550812152e+00   7.8765186431540126e+00
   8.8884325541440636e-13   4.4250297023618907e-23   1.4388216768449150e-15   7.0492509149354626e-04   7.0840426317107352e-02   4.2486060982283169e-01   1.4999675295385257e+00   3.8698707672951187e+00   6.5793285558330608e+00   8.9764814418032337e+00   1.1360313837914475e+01
   7.1320487273521107e-19   1.9573722712932603e-18   1.2470551453806730e-12   4.4574700072033176e-03   1.9029621649292555e-01   1.0917981703579924e+00   3.4314167358561898e+00   6.6722181463648589e+00   9.7699030509557971e+00   1.2555245193573924e+01   1.4924003577601516e+01
   2.1568057591341818e-22   7.1027858719590786e-19   9.9109165667424624e-09   2.4461579416285822e-02   3.4970305442220662e-01   2.1760437219643931e+00   6.0425556822637834e+00   1.0108757024593057e+01   1.3273199587776652e+01   1.6119643651352355e+01   1.8471958007995958e+01
   9.2326341958732503e-24   1.6791830563420417e-16   2.9078600531566134e-06   5.6420947689013873e-02   8.8028915328510515e-01   4.5723398451434045e+00   9.5563298624326478e+00   1.3670683490089804e+01   1.6972390444468985e+01   1.9629601359834673e+01   2.2035599732296269e+01
   1.0400107437943744e-27   1.4666707499634672e-17   1.7913943205897340e-04   1.8044335914549214e-01   2.1893332976778210e+00   8.1557767545569995e+00   1.3431898952195951e+01   1.7333393979615568e+01   2.0377078366453855e+01   2.3081713403996218e+01   2.5345187447390522e+01
   3.0630181651298777e-29   2.8750383371324549e-18   3.0923952155335220e-03   2.7434392674061248e-01   5.6845884532940580e+00   1.2420034284530793e+01   1.7499272389395749e+01   2.1333729481044728e+01   2.4103273766840168e+01   2.6461754467357093e+01   2.8728273782610387e+01
   3.4107747875113886e-31   4.1025663188731496e-17   9.4045061363420418e-03   1.1347473139651472e+00   1.0078348963477399e+01   1.6685751393991413e+01   2.1461809946721480e+01   2.4768226806667485e+01   2.7293378280756556e+01   2.9642505730527013e+01   3.1846614215648579e+01
   6.6522805706085269e-26   2.1822524259394378e-15   5.5676054969407078e-02   5.0959429799009524e+00   1.5155818157319617e+01   2.1684988737108981e+01   2.5521995444708221e+01   2.8406416540179862e+01   3.0641134441566901e+01   3.2634451942646585e+01   3.4967024529622073e+01
   2.3167876701185281e-20   4.6301558213797353e-15   1.2243501876600449e-01   1.1321215312248331e+01   2.1113253104933470e+01   2.6940368438508820e+01   2.9874986243432986e+01   3.1995126099106180e+01   3.3785275235478316e+01   3.5674810983754398e+01   3.7774518989409799e+01
   1.1989067935494158e-25   9.8144909102873909e-09   2.8964145769344585e-01   1.7922149766726811e+01   2.7527680320018227e+01   3.1913560632577564e+01   3.4037166745729110e+01   3.5280989534554422e+01   3.6720347392639582e+01   3.8485351167734308e+01   4.0654902685666400e+01
   2.5639459704145549e-21   1.8497950865192817e-05   8.7664028644891197e+00   2.7541661733747567e+01   3.4469790761702740e+01   3.6999758366837689e+01   3.8049601576043429e+01   3.8582933832683452e+01   3.9349528148221374e+01   4.1295728892889834e+01   4.3456983948134130e+01
   1.3861556001599507e-23   1.2425481127768874e-04   2.0450138559513647e+01   3.6980686347269810e+01   4.1853027705974036e+01   4.2262916695075184e+01   4.1922748249307574e+01   4.1669953130234290e+01   4.2197951981715164e+01   4.3853911982266474e+01   4.6115150870959496e+01
   9.8039110327935381e-25   4.8788980472758044e-03   3.7254943873418910e+01   4.9430624643558886e+01   5.0163534730801885e+01   4.7658008924206300e+01   4.5661854875109611e+01   4.4543154642038715e+01   4.4810870474104419e+01   4.6348399527638477e+01   4.8672819437798012e+01
   3.2046806363037820e-22   1.7710309221921676e+01   6.1100771138022523e+01   6.2958546245902951e+01   5.8406291270404623e+01   5.3149002560840430e+01   4.9278160782260528e+01   4.7336109320592783e+01   4.7154057533659469e+01   4.8729672039434057e+01   5.1224668896408957e+01
   1.6025986737843080e-26   7.4950485062855194e+01   9.4702881250043333e+01   7.7758167452480379e+01   6.6279683858810813e+01   5.8381109678928169e+01   5.2804262485510591e+01   4.9833353117804549e+01   4.9426912788495329e+01   5.1061502226864292e+01   5.3761988030741740e+01
   5.4047411113195985e-28   2.9079088592635458e+02   1.3223491579490656e+02   9.2003190902640640e+01   7.3712758584281502e+01   6.2681414750254042e+01   5.6021824472969222e+01   5.2339663020797460e+01   5.1691193838192206e+01   5.3254801306938930e+01   5.6340259889464654e+01
   5.1785975769864359e-25   3.0038770706307350e+03   1.9805442511200559e+02   1.1111868014050972e+02   8.1986403334404244e+01   6.6808727765338972e+01   5.8799942270552307e+01   5.4626210036999339e+01   5.3713619550240963e+01   5.5339659480186192e+01   5.8561555529228144e+01
   8.5208018298933476e-24   1.1712868562219606e+04   3.5305878013590149e+02   1.3557297765179067e+02   9.0126783973504871e+01   7.1189535591257496e+01   6.1123418287961869e+01   5.6742513012875690e+01   5.5727492415550842e+01   5.7568837357902730e+01   6.0804501846104415e+01
   1.0711566132300216e+01   2.2119365758991618e+04   8.2376354016632513e+02   1.6272857990179381e+02   9.9521512674830674e+01   7.4967564908311488e+01   6.3491376370897427e+01   5.8632870741111823e+01   5.7608624078102139e+01   5.9411600733059565e+01   6.3021559250307291e+01
   1.5000016398320196e+04   3.1631223269623239e+04   4.0837386152578147e+03   1.9663263447561278e+02   1.0878545814563509e+02   7.9198859023147818e+01   6.5653700745226999e+01   6.0201065581802879e+01   5.9244136428487067e+01   6.1208494434835991e+01   6.5216324354167909e+01
   1.2311745267174265e+04   4.9149416583272803e+04   6.6942461702688415e+03   2.3433500208676139e+02   1.1801585313377262e+02   8.3221239573343084e+01   6.7979177826760207e+01   6.1698831688806401e+01   6.0772500448770380e+01   6.3146226715352441e+01   6.7491827991458209e+01
   2.0949673434481228e+04   7.3189298316944449e+04   9.0946774681522002e+03   2.7889774226351869e+02   1.2709028667093824e+02   8.6491908975582760e+01   6.9960403358881194e+01   6.3401257237978520e+01   6.2418829527727915e+01   6.5013402087169993e+01   6.9982808275016808e+01
   2.8601670366793693e+04   5.5571576151035624e+04   1.1877106320207611e+04   3.3492848758529840e+02   1.3518203922477500e+02   8.9844985937006143e+01   7.1987470321456343e+01   6.4830898477874555e+01   6.4011402334168196e+01   6.6810220076380674e+01   7.2105213789221978e+01
   7.7886394615943602e+04   8.3133151710514590e+04   1.3160300539207408e+04   3.9476767548386778e+02   1.4446010732204019e+02   9.3723461704907621e+01   7.3497606453853592e+01   6.6247323303906938e+01   6.5645371082602992e+01   6.8920530900429640e+01   7.4543759779874051e+01
   1.6937725644870680e+00   1.7835587743576458e+00   2.2237652977508966e+00   2.6743496865727145e+00   3.3494739399573445e+00   3.9700873731324204e+00   4.6028662984516746e+00   5.3318612751821925e+00   6.2542863141976177e+00   7.0982225464730835e+00   7.8766941625473113e+00
   1.8105339306873931e+00   2.4220296620461825e+00   3.3538415066523726e+00   3.7517898242244136e+00   3.2736078048874750e+00   2.6600491242294124e+00   8.6480006635959694e-01   3.8447060245397379e-04   3.0862300821071862e-03   9.5509008736967705e-03   3.2615908119859649e-02
   2.3387180862556138e+00   3.2330448740531272e+00   2.7767084911367932e+00   1.9232279245209218e+00   2.0132675293433339e-01   7.7781146643260522e-07   5.5617431067667459e-04   8.1328947371188572e-03   3.5501335958650806e-02   1.1766603362560063e-01   1.6041063686778514e-01
   3.1553147500693286e+00   2.6245079224622390e+00   1.4981678605383939e+00   1.1234861763170203e-08   1.0024116412089406e-10   5.3128450177207480e-05   9.2755393928393385e-03   4.0803356235677310e-02   1.1855113139002428e-01   3.0492724279973693e-01   4.4780177940982380e-01
   2.9442069718418846e+00   1.7010374101929493e+00   1.4853340085546429e-01   2.5542075340651613e-12   2.7669479712512917e-07   1.2580319274904008e-03   2.6903741297380896e-02   1.3518069516995018e-01   3.5560973683047692e-01   5.7608987479288998e-01   9.7227616370593195e-01
   2.3642040635375965e+00   7.5196521933503724e-01   5.7866849624656152e-16   2.4278523311416918e-11   2.3812750765988239e-05   7.6218292864486878e-03   8.3643881284835075e-02   3.0689981729570065e-01   6.0379295758641593e-01   1.1896287709514857e+00   1.5447040781653258e+00
   1.7947818207262243e+00   9.3008640759820349e-02   7.9445692650122365e-19   1.5235901375026382e-10   4.2053651679190235e-04   3.3984236965199213e-02   1.7363838380704433e-01   4.6517719696811782e-01   1.1917035989734441e+00   1.6478375941660190e+00   2.4780415287292841e+00
   1.3113172285125960e+00   4.0749466878371881e-17   3.1710669877421817e-15   1.2909270162668704e-09   4.2176035411001841e-03   7.7182192094942953e-02   2.6950930134168360e-01   9.2225841058344393e-01   1.4451564395522825e+00   2.8507172627634376e+00   4.3295671923241184e+00
   6.7439317652241548e-01   5.7981271542566954e-22   6.4942301352455992e-14   4.8713461276117462e-06   1.0552145520273417e-02   1.3832828244415740e-01   5.3194282258187653e-01   1.3133247686111258e+00   2.6176766166007797e+00   4.4807422894939339e+00   6.3107720259459814e+00
   2.1706750190989121e-01   1.8440311681620266e-25   6.7249243947981112e-15   9.9158957790699279e-05   2.6657875562925079e-02   2.3172253989868075e-01   9.6524120741032116e-01   2.1676471501995742e+00   4.3375933650483667e+00   6.6444266085642560e+00   8.4131162276415807e+00
   1.0751475090172970e-02   3.2506127594645813e-26   2.1817227924508084e-14   6.5453958864254659e-04   7.5124941858366739e-02   3.8238481396684787e-01   1.4087296882657578e+00   3.6596444058131876e+00   6.3205800298267860e+00   8.6702746541404210e+00   1.1006617400951772e+01
   4.2454827209206748e-16   5.4932263635619350e-19   3.9015414019284112e-13   2.9913190463584519e-03   1.1994521095722130e-01   7.9325767317110762e-01   2.3779728073960640e+00   5.5432288361593312e+00   8.4124979540396687e+00   1.1258195373937596e+01   1.3354186234025381e+01
   3.8244655462241196e-19   3.5605174905425177e-21   2.4904800177674721e-12   9.4957551002103485e-03   2.1422591207941610e-01   1.3049477010510260e+00   4.2241133086304110e+00   7.6345407331111446e+00   1.0785746211118909e+01   1.3683528963852297e+01   1.5830095275200243e+01
   6.8888033912635455e-24   9.1714405020025849e-18   3.0610131571935449e-09   2.1473101764799277e-02   3.3832817588687503e-01   2.1376947534039403e+00   5.9668191237709767e+00   1.0027879513285798e+01   1.3158380224309592e+01   1.6039393537521452e+01   1.8340469903718621e+01
   7.4286050889016522e-22   2.9048888891529728e-17   1.0665675274404624e-06   6.1861590511188468e-02   6.5702412388722520e-01   3.6593725990449100e+00   8.5691531826384519e+00   1.2335907189600723e+01   1.5860777450509080e+01   1.8454390698857679e+01   2.0953236050165266e+01
   9.2340721331900917e-25   6.0230920786736288e-20   6.7904353334621875e-05   8.1961966415767279e-02   1.2898698561979198e+00   5.8764560161474897e+00   1.0819678956304521e+01   1.4891254091830664e+01   1.8297666748643994e+01   2.0951289668621556e+01   2.3156523620745972e+01
   2.8074474398455359e-26   2.5949421842392127e-17   2.5417055024033633e-04   1.8854652798200081e-01   2.2254482964003062e+00   8.2632772452749137e+00   1.3542949861727692e+01   1.7462332791490450e+01   2.0466186435514306e+01   2.3199433029939943e+01   2.5462867905844703e+01
   4.5572024030075915e-26   3.5507153923987221e-17   1.2152272654653352e-03   2.1593033551238638e-01   4.3342684211224096e+00   1.1188468814322922e+01   1.6186164422937537e+01   2.0090493281469406e+01   2.2946598846952568e+01   2.5628195728427347e+01   2.7610700796036891e+01
   1.2520570813962927e-30   8.2025945286264497e-18   1.0041582147212916e-02   5.4066591017891330e-01   7.1862172732467782e+00   1.4405867527268994e+01   1.9038511688054811e+01   2.2675871483920442e+01   2.5466127692092250e+01   2.7884788727787203e+01   3.0020851386029509e+01
   1.2948876815232078e-31   6.0307745199726219e-18   1.3377821058758165e-02   1.3899817453644070e+00   1.0442056216308753e+01   1.7089071447970706e+01   2.1863832874474451e+01   2.5149455018628707e+01   2.7897171177413256e+01   2.9963876567784485e+01   3.2081265079905791e+01
   5.3095980264411702e-29   1.5411157068251473e-16   5.2102981582689736e-02   3.9174602076835692e+00   1.4113287121583408e+01   2.0420596751548366e+01   2.4765099865800323e+01   2.7684166551033030e+01   3.0099137365052293e+01   3.2088031050546377e+01   3.4300735602276418e+01
   4.9391805789417587e-23   8.3623448901128546e-14   5.0790302592840994e-02   7.7838820090082450e+00   1.7967815379772944e+01   2.4085173419385455e+01   2.7670856484838595e+01   3.0043891081445629e+01   3.2129064358083866e+01   3.4183093499304135e+01   3.6301932750431305e+01
   8.9400088168089592e-22   4.5262703682949229e-15   1.2503670778852974e-01   1.2350942471341424e+01   2.2117114556940052e+01   2.7525843773503585e+01   3.0624790189577542e+01   3.2611290533994634e+01   3.4303395910048167e+01   3.6180763634174241e+01   3.8275366009927168e+01
   1.4104952922879691e-22   3.2006356975452681e-08   2.8340129116543711e-01   1.6799111500429873e+01   2.6827783722923076e+01   3.1287047395668523e+01   3.3467708180321935e+01   3.4793252126944964e+01   3.6253329179608428e+01   3.8090217257137773e+01   4.0259196557951796e+01
   6.6456942616300775e-25   1.3644983974744949e-07   3.4741393900248863e+00   2.2735841888248949e+01   3.1337218811704020e+01   3.4747338240467187e+01   3.6250293123586594e+01   3.7263908585492217e+01   3.8201319733221382e+01   3.9934630160666856e+01   4.2332004488549629e+01
   4.8167426928256117e-24   2.4834636292440937e-05   1.1009219752763871e+01   2.9568625120267370e+01   3.6105869960938691e+01   3.8250778542695969e+01   3.8983846311352671e+01   3.9410049544542133e+01   4.0259357129435713e+01   4.1865633443905757e+01   4.4124251621269238e+01
   2.4494888798218659e-22   9.5769095397935330e-05   1.9926080184543967e+01   3.6291846911165806e+01   4.1262911540693864e+01   4.1875563494424426e+01   4.1633524587639414e+01   4.1438736545362758e+01   4.2010186740472342e+01   4.3722230112620977e+01   4.5975702460115315e+01
   2.3929041356853107e-23   2.5436011894327320e-03   3.0532029450991949e+01   4.4169534484989043e+01   4.6686909430003510e+01   4.5573588458647379e+01   4.4234794233169886e+01   4.3508786299089444e+01   4.3881470458143014e+01   4.5396410517841474e+01   4.7748611002791158e+01
   1.4137092198878434e-22   8.5503277891180503e-03   4.4642672382043187e+01   5.3262616892842402e+01   5.2544866880611515e+01   4.9476269565698558e+01   4.6756335432825900e+01   4.5415299733518367e+01   4.5488413671035303e+01   4.7045877787688887e+01   4.9554791875953718e+01
   4.8417334729563853e-23   1.7672031484223140e+01   6.1035266311033936e+01   6.2941104344170768e+01   5.8389412463086494e+01   5.3135046498681170e+01   4.9269892079702920e+01   4.7328817459315992e+01   4.7148228015540226e+01   4.8723447967345095e+01   5.1218384437646918e+01
   7.5349684890191539e-25   5.2259987374934987e+01   8.3678369233659865e+01   7.3561900553465094e+01   6.3994482521431685e+01   5.6814132621099468e+01   5.1644666718023821e+01   4.9192332196933677e+01   4.8776885345604740e+01   5.0311823210101011e+01   5.2986795155779724e+01
   1.6937725644870680e+00   1.7835587743576458e+00   2.2237652977508966e+00   2.6743496865727145e+00   3.3494739399573445e+00   3.9700873731324204e+00   4.6028662984516746e+00   5.3318612751821925e+00   6.2542863141976177e+00   7.0982225464730835e+00   7.8766941625473113e+00
   1.6742839405642211e+00   2.2882748743739567e+00   2.9078215456874297e+00   3.7889589449387895e+00   4.0414295437182517e+00   3.6634989519728300e+00   3.2984477023355212e+00   1.5500213938244629e+00   2.8512388184442974e-03   6.6657027354846557e-03   1.3959001422377975e-02
   1.9741699207253958e+00   2.9572550253867531e+00   3.4592323141752903e+00   2.9206868568156805e+00   2.1272570879933741e+00   2.5457377398179432e-01   7.7440837955782498e-05   9.3028749868434449e-04   1.2130247148258838e-02   4.0900509494047055e-02   8.2056781000923285e-02
   2.5545817127292700e+00   3.2878528383584964e+00   2.6020503070935264e+00   1.7412323330157233e+00   1.2211252026200374e-08   5.8249149371125810e-07   6.1939562175042850e-04   1.2007040031695421e-02   4.1246624475798188e-02   1.1163592501621765e-01   2.0630695654284339e-01
   3.0021854015967167e+00   2.7149824681705157e+00   1.6555219579845506e+00   1.2003751441426812e-01   1.0534492180367862e-09   3.5669711180681545e-05   5.0989896484152130e-03   4.5349344807289249e-02   1.2316227061110188e-01   2.2978307035402556e-01   4.6058984622547516e-01
   2.9707259487817761e+00   1.9821301916554761e+00   5.3900909732850411e-01   1.2906542467765509e-14   1.4809722168258108e-08   4.5088626116902006e-04   1.5242439438816147e-02   9.6562148916358198e-02   2.3618499955386651e-01   3.8459106012552263e-01   6.7900978570097126e-01
   2.8840536325250845e+00   1.3799676253386275e+00   3.0838974236584107e-10   1.8390427845399893e-12   1.1541114300598131e-06   3.8470679068642027e-03   3.7790747002324529e-02   1.4652964739641608e-01   3.4539792111880940e-01   6.7495513559421028e-01   1.2086542362203161e+00
   2.3638282825233503e+00   7.4722338967565971e-01   1.1105363490296620e-16   3.2461352964841717e-12   2.6545879246116280e-05   7.9900728639881284e-03   8.5278418323415803e-02   3.0932238135762080e-01   6.0806962326542979e-01   1.2081099976887617e+00   1.5435897909710623e+00
   1.9746025079566945e+00   1.5334845366397948e-01   4.5587927262892665e-17   9.4021827300436257e-12   3.7115617366047769e-04   2.0610665040586545e-02   1.3081835180263157e-01   3.8251195325108184e-01   9.6346623957090161e-01   1.4524064812193893e+00   2.1764151824334128e+00
   1.5375008008780906e+00   3.1246220609783141e-12   2.6930417489621649e-15   8.6828590248060272e-11   1.8679949500994470e-03   4.1340362579036755e-02   2.4978666529970162e-01   6.7441083891825282e-01   1.3798924641053301e+00   2.0439489979517771e+00   3.2758009669041077e+00
   1.2381423567107686e+00   2.4717601845187016e-18   2.3110336805417901e-14   1.6629812971284545e-08   5.3375233403196529e-03   1.0256240197272587e-01   2.9591480672105125e-01   1.0540708723172467e+00   1.5722713013582643e+00   3.0984414198810128e+00   4.5622083401594180e+00
   6.9823657192099531e-01   1.1093619612317494e-19   3.7257707161325993e-14   2.4436983675958162e-06   1.2276948548038385e-02   1.1844715727017224e-01   4.7731319206634626e-01   1.3119161803394204e+00   2.4931379625772809e+00   4.2635657755773106e+00   6.0687246389928760e+00
   3.8419393617023112e-01   5.0235586615806528e-20   2.3089497281526540e-15   1.1407910728350621e-05   2.5793201960441527e-02   2.3799354045724919e-01   8.1415554159822667e-01   1.6561024036150984e+00   3.5878945026077127e+00   5.6765553492094796e+00   7.6077391106155616e+00
   1.2280284303734958e-01   1.0671097225845856e-22   3.0990240646865860e-15   1.9561940234840908e-04   4.3736894154207950e-02   2.5199029047239851e-01   1.1400014801729359e+00   2.5098796280663649e+00   4.7814417615721005e+00   7.1756124258710701e+00   9.2659136715666790e+00
   9.3537151816022457e-03   1.3487850561085612e-23   7.8788477712965595e-14   6.9573061957236160e-04   7.4662691371720186e-02   3.8656769254899237e-01   1.4298220667181114e+00   3.6827134717733507e+00   6.3515807374516591e+00   8.7079345320959725e+00   1.1056123399265932e+01
   8.0797104192094149e-18   1.6616667571319572e-21   8.0281703640318689e-14   1.6427821977147399e-03   1.0386976325486263e-01   6.7875297517703048e-01   2.1149316471275910e+00   4.8719489281189565e+00   7.9365668193496441e+00   1.0457341553055050e+01   1.2793361116657751e+01
   4.9366680428168238e-23   1.1027369036703298e-18   8.1266210535439250e-13   4.9877131883841975e-03   1.9315462305732492e-01   9.9579599533676055e-01   3.0154797541769938e+00   6.4249040566071223e+00   9.4840437360390286e+00   1.2214417593010102e+01   1.4341996375921363e+01
   1.1427264491279525e-22   6.5548769989394144e-19   8.3837365341042782e-12   1.5599910832500657e-02   2.1186452449151752e-01   1.3349135648378079e+00   4.4087550044762143e+00   7.9123343073801040e+00   1.1112742082892996e+01   1.4026971637653933e+01   1.6215250440463073e+01
   5.2023251376214781e-21   1.6795463741255713e-18   5.4123099026943749e-09   1.4916613283594225e-02   3.2006278342333538e-01   1.8352748851924059e+00   5.7949092488046166e+00   9.6016333176186244e+00   1.2918742340599952e+01   1.5746409111221876e+01   1.8066021882672462e+01
   5.7400154269299910e-25   5.2713805977554529e-19   3.6008966979112142e-07   4.2084125073591661e-02   4.9551330370006225e-01   2.8897687385517177e+00   7.4822697394105289e+00   1.1493007900073369e+01   1.4759279446365083e+01   1.7553118530210760e+01   1.9734061087812073e+01
   2.1183217642913597e-25   1.6614863437204640e-18   3.7776882512449959e-06   5.7786949922546599e-02   7.9936513288581545e-01   4.3382474493652428e+00   9.1275393758023231e+00   1.3161158826939644e+01   1.6555147613771901e+01   1.9168206409808263e+01   2.1613069250785767e+01
   6.0511405266242828e-26   5.9997439327318660e-19   7.2644859115051361e-05   8.3916829439555973e-02   1.3121943261020395e+00   5.9366548424446943e+00   1.0883858356969334e+01   1.4956754546516384e+01   1.8355584546420484e+01   2.1016859450296860e+01   2.3220029412722553e+01
   1.3995160816932313e-26   1.9102054428418775e-17   1.2065179514870442e-04   1.5521651407220982e-01   1.7897249481943804e+00   7.7777788396003213e+00   1.2693949757649252e+01   1.6826562022771284e+01   1.9918875661838843e+01   2.2618218190728186e+01   2.4837616057666384e+01
   8.3009961566971211e-28   2.6876378842696325e-17   1.2869743929258427e-03   2.1749657346189852e-01   3.3064978198065900e+00   9.7118001168018271e+00   1.4537061108265885e+01   1.8797835534013196e+01   2.1728677658970884e+01   2.4425988618849459e+01   2.6489747748470805e+01
   1.8154770998357583e-29   2.3497696225662922e-17   1.9563415077369388e-03   2.3562008615948626e-01   4.7814151711940607e+00   1.1590231114918051e+01   1.6918531270207851e+01   2.0522350394872653e+01   2.3367205907983561e+01   2.5996666201275325e+01   2.8011504410846630e+01
   2.3976112489858283e-32   3.1932938786634102e-18   9.9524647786105314e-03   5.0648051419619355e-01   6.9742515325457113e+00   1.3842227232731133e+01   1.8783595451704379e+01   2.2406522052017806e+01   2.5196727845532003e+01   2.7618359502495579e+01   2.9762627101448139e+01
   3.3148619711732710e-28   3.9873169686402168e-17   9.0289055243578560e-03   9.5383592851252463e-01   9.3459219797533564e+00   1.6019810157351195e+01   2.0765954800307281e+01   2.4172314452056604e+01   2.6763472303570371e+01   2.9075378883102644e+01   3.1267869234525339e+01
   6.7880842437286604e-29   1.3044559916762960e-16   2.0334426569374543e-02   2.1672081249226016e+00   1.1453146581173055e+01   1.8168717876436375e+01   2.2735236033680032e+01   2.5938507826582924e+01   2.8616970702322455e+01   3.0603495888075571e+01   3.2724497629854312e+01
   7.0757386708709970e-28   3.1520999392717076e-16   5.1198547212346970e-02   3.9516535970159072e+00   1.4229296149822023e+01   2.0504475551624395e+01   2.4918320576728593e+01   2.7777884398499847e+01   3.0172230866318593e+01   3.2160194319372806e+01   3.4383931372681772e+01
   1.1847748359444415e-22   3.4100796604318303e-14   5.2354609242538805e-02   6.7884164218462688e+00   1.6989737367932456e+01   2.3266538329088053e+01   2.7016414000279276e+01   2.9467058514538842e+01   3.1636612805241352e+01   3.3619000107809342e+01   3.5830503651171206e+01
   4.1795689535459144e-21   2.3468649595451494e-14   1.0011248388543542e-01   9.6410951144198727e+00   1.9714405345257440e+01   2.5756583987358656e+01   2.8949891979517790e+01   3.1206174513224333e+01   3.3168954748539605e+01   3.5097621100703051e+01   3.7271547483734267e+01
   1.6937725644870680e+00   1.7835587743576458e+00   2.2237652977508966e+00   2.6743496865727145e+00   3.3494739399573445e+00   3.9700873731324204e+00   4.6028662984516746e+00   5.3318612751821925e+00   6.2542863141976177e+00   7.0982225464730835e+00   7.8766941625473113e+00
   1.6562198242353490e+00   2.0764416355986821e+00   2.7532019855337877e+00   3.4539248428984379e+00   4.1289304891672813e+00   4.4159908568116322e+00   4.1861010708439972e+00   4.0102861183166310e+00   2.5153014387932986e+00   9.7854361786337785e-01   1.2342298649122221e-02
   1.8165400632693616e+00   2.4552743591816020e+00   3.4163633634616244e+00   3.7167877843343655e+00   3.1919903523323034e+00   2.5872371126010165e+00   6.4192884812835127e-01   4.2852483296834936e-04   3.6138398532548337e-03   1.4392131524157029e-02   3.4022401632162455e-02
   1.9839266736180114e+00   3.2593504378391995e+00   3.4665997249077378e+00   2.6767287972031761e+00   1.9223260116778018e+00   6.2134911001418571e-06   1.2646278227415548e-04   2.1900016840559460e-03   1.9659765652348928e-02   4.8801118390804268e-02   8.9469903599537326e-02
   2.4950100295890687e+00   3.2349131093476213e+00   2.6923728120812003e+00   1.7753529191835562e+00   1.3317447162174306e-01   3.4895989591029955e-06   5.9347612641230034e-04   8.9404215411295791e-03   4.2985771602302922e-02   1.0676739871436353e-01   1.9091133599930643e-01
   2.8862786906635960e+00   2.9097995886159111e+00   1.9819618979554861e+00   5.2871900364267299e-01   8.5791341189365153e-11   4.3257416226870254e-05   3.0081159503349822e-03   2.0144642484596693e-02   7.8217000680099749e-02   2.0309695085844315e-01   3.2477899746529842e-01
   3.1350129538524953e+00   2.5394796238652155e+00   1.4569232776616579e+00   2.6597855559461394e-10   5.1559839162348135e-10   7.9819290106229122e-05   7.7793322819599657e-03   5.6608491721330159e-02   1.3207013016117819e-01   3.1027767433355680e-01   4.4497157470947823e-01
   3.1283903955297152e+00   1.9639265703177466e+00   4.9457193141228117e-01   5.2431193603369272e-15   5.7669721172095578e-09   6.1712683397034695e-04   1.3433691804998236e-02   9.4756535943939291e-02   2.3314779941350700e-01   3.8498977020781444e-01   6.9249217349296366e-01
   2.8666058274199209e+00   1.5951073453044122e+00   8.7542979154122944e-02   4.8393650051823093e-13   1.3857667508520100e-07   3.0823794126271105e-03   3.5767579397150293e-02   1.5592018051753032e-01   3.8038843501226693e-01   6.1317926891514052e-01   1.0603207441848013e+00
   2.5912303145121918e+00   1.1695444607058647e+00   1.4050668199603444e-13   8.3976207309678564e-12   2.8606582471559687e-06   5.4296593678404559e-03   6.5248764587315183e-02   1.9335391982722316e-01   4.3256822021097940e-01   9.4845786974680046e-01   1.4852229925287448e+00
   2.3133369055546860e+00   6.2861082678616065e-01   3.6781450767309041e-16   2.4611052167788420e-12   4.4390916393356299e-05   1.3594931144777242e-02   1.1324363205587951e-01   3.2617654823447673e-01   6.8758596035334774e-01   1.3255626555183995e+00   1.5310023258259466e+00
   2.0523424765321190e+00   2.2764547498438747e-01   5.8838038109918397e-18   1.1798539854702680e-11   2.3245796457289160e-04   2.1902816135596848e-02   1.1253325993247218e-01   3.4721340517702903e-01   8.9874223250046370e-01   1.4607267788390890e+00   2.0857030145274207e+00
   1.6995063306382017e+00   2.2783561453499263e-02   1.5309615783427050e-16   2.8932129981950879e-11   6.5060444820443683e-04   4.0208495061779009e-02   2.0765100617459614e-01   5.5965824152028865e-01   1.2585997364359629e+00   1.7651751471596140e+00   2.7152347331184536e+00
   1.4974603627491383e+00   1.7816167926948800e-12   3.2500597631737663e-15   1.3914090762506160e-10   2.0089159169390043e-03   5.1124657827237602e-02   2.7695580246871832e-01   7.1386080512271066e-01   1.3812355942191408e+00   2.3247731700475094e+00   3.5774832264293077e+00
   1.2420850631458911e+00   1.7139876812985263e-15   3.8873543858343012e-15   9.2611361779991362e-09   4.9240637693504907e-03   9.8478736696989727e-02   2.9827749134424275e-01   1.0795546281936974e+00   1.5959091609666429e+00   3.1328807071259370e+00   4.6191674599953281e+00
   8.3552949936370036e-01   3.0211365533955421e-19   8.3559014529816517e-17   8.1319969589518821e-08   1.2996129645188547e-02   1.1068725834238458e-01   4.7406987193407446e-01   1.2992866505948379e+00   2.3291719516218512e+00   3.9940055884354253e+00   5.5252501485269470e+00
   5.2950148185750345e-01   2.5316672939546072e-21   1.2354676925259471e-14   4.5191110743943538e-06   1.2439597778457347e-02   1.5870631256783102e-01   6.2343299521588391e-01   1.3645429023039155e+00   3.1044484910165484e+00   4.8704661654140171e+00   6.6893903462881372e+00
   3.3003939787221392e-01   3.3741876633751112e-22   4.7915838141830089e-14   2.3490560726495774e-05   3.1602435719174982e-02   2.2961466925150806e-01   8.8506998873910558e-01   1.9284786335234658e+00   3.7619285240214086e+00   5.8901553006828031e+00   7.9078447361384239e+00
   1.3669508567292327e-01   1.4394107124283633e-22   3.1574912194828295e-14   8.8296146422738920e-05   4.2299816519111445e-02   2.3096447593333441e-01   1.0905028290426599e+00   2.4184311129754787e+00   4.7075161931975433e+00   7.0595808438679990e+00   9.1069532729892657e+00
   3.7738703897060286e-02   7.0367472792501391e-25   2.6483870494353408e-14   2.8039328713978014e-04   6.5106762983422342e-02   3.5282675400647862e-01   1.2772485672809546e+00   3.1457974826619397e+00   5.6800855418555543e+00   8.1877229350158451e+00   1.0196491559884935e+01
   4.7302704661026006e-13   2.6091688598758480e-23   2.6049422988027663e-14   1.2501114807280712e-03   7.2003826204268595e-02   4.6172355771419182e-01   1.5850216155792036e+00   3.9847414438449804e+00   6.8005678421557105e+00   9.4446708012347340e+00   1.1529190036299003e+01
   3.3852917274251881e-18   7.1330203296111147e-21   8.1198662357902228e-14   2.0024421500061283e-03   1.0692522829769233e-01   6.9708226961419972e-01   2.1661375748051470e+00   4.9486645872780564e+00   8.0104458038052329e+00   1.0576739890992597e+01   1.2882531531478937e+01
   5.5690112124533383e-19   2.3559219692562410e-19   1.7940450234551316e-13   5.6136374701814488e-03   1.6916107568042188e-01   8.9516289001812743e-01   2.8561055433351337e+00   6.0781099060035686e+00   9.1178518454428588e+00   1.1838531135065473e+01   1.4058262950461337e+01
   2.6842295623116547e-18   7.0724478340783611e-19   8.1879102288302058e-12   6.7545858998586490e-03   2.1761025053684652e-01   1.2286088271396058e+00   3.6400119644542293e+00   6.9743136689226244e+00   1.0517388096227311e+01   1.3220874674942738e+01   1.5373555788048648e+01
   3.3131332409693693e-21   1.5904590408927753e-18   1.6547910353091653e-11   1.7715332600477855e-02   2.0902101846633037e-01   1.3564404742900160e+00   4.5845466612476198e+00   8.1517742383699066e+00   1.1407423529923706e+01   1.4364954397517073e+01   1.6521637761483859e+01
   8.9859330845989506e-22   7.1791857483323218e-18   1.5070475521347659e-10   1.4826652816634974e-02   3.2087007821657421e-01   1.7922822525518343e+00   5.6928680710363695e+00   9.5483088961204139e+00   1.2807088868535988e+01   1.5606134245999856e+01   1.7922712832963033e+01
   7.1465638358273131e-22   9.3071471538897086e-18   1.2251271952517755e-07   3.2566772392024608e-02   4.2052783018789996e-01   2.6617820590982717e+00   6.7839341637454957e+00   1.0755500658859553e+01   1.4186306148210699e+01   1.6770614249754413e+01   1.9106185967619417e+01
   1.1741406787302003e-22   1.0568408461013400e-17   4.9691335275903216e-07   6.3458469319538469e-02   5.8736617987845874e-01   3.4345214474157748e+00   8.0575675387153947e+00   1.2039785699372691e+01   1.5309060203792111e+01   1.8148515733650097e+01   2.0543290541483703e+01
   1.0204417879167023e-22   1.3565789318364752e-17   4.2105577803722461e-06   5.7137260362400119e-02   8.1917830509454204e-01   4.3983414054850112e+00   9.2289667474903414e+00   1.3271672048400628e+01   1.6664686284904349e+01   1.9308585979284132e+01   2.1743114937461044e+01
   7.1783764355591059e-29   4.5715957417181027e-19   4.2700226774353915e-05   6.6950065469317657e-02   1.2094091988243165e+00   5.6949979938569077e+00   1.0343499321274450e+01   1.4641187545134656e+01   1.7795774174387727e+01   2.0701405561369395e+01   2.2889657678328437e+01
   2.8841520871475606e-26   4.2079158944549950e-18   1.2383369850938413e-04   1.1171135115282346e-01   1.6440657671556482e+00   7.1306356910849189e+00   1.1658102420792048e+01   1.5793087970008951e+01   1.9100989334921689e+01   2.1815826734942718e+01   2.4055163225207188e+01
   1.6937725644870680e+00   1.7835587743576458e+00   2.2237652977508966e+00   2.6743496865727145e+00   3.3494739399573445e+00   3.9700873731324204e+00   4.6028662984516746e+00   5.3318612751821925e+00   6.2542863141976177e+00   7.0982225464730835e+00   7.8766941625473113e+00
   1.6863371492005164e+00   2.0439593334693344e+00   2.5236485359978289e+00   3.2165464170485292e+00   4.0212415860868767e+00   4.7272582066305961e+00   4.9972144004983106e+00   4.9083345184226008e+00   5.0439479386681771e+00   4.6021906243517456e+00   2.8454802145961149e+00
   1.6599772141870570e+00   2.2995097850384507e+00   2.9428053086780808e+00   3.7989798997181303e+00   4.0332822326208166e+00   3.6531345920415683e+00   3.2916819090723948e+00   1.5526914100001170e+00   2.9285736555732488e-03   5.2644728026305012e-03   1.3462678673873225e-02
   1.8533707381957836e+00   2.4882074477507454e+00   3.4555519214051422e+00   3.6031610720934220e+00   3.0268692142260489e+00   2.4119893643206662e+00   2.6642677934149228e-01   1.3122552593379652e-03   9.0148875096365769e-03   1.4772290381317856e-02   3.8385458863013797e-02
   1.9677788944286925e+00   2.9652956969600233e+00   3.4253940040271535e+00   2.8899838110793263e+00   2.1412585148337082e+00   2.5306562262163490e-01   9.1583059649762676e-05   9.3607819587701374e-04   1.1903704633162124e-02   4.0370900307154491e-02   8.0777147305824720e-02
   2.1844533101146055e+00   3.3176205603671765e+00   2.9924886801571571e+00   2.1851542587675468e+00   6.8009491454558135e-01   2.7272518551766211e-07   1.2382274306768702e-04   5.5644366405851247e-03   2.8438529182638693e-02   9.1452132610075981e-02   1.3547971092348665e-01
   2.5931064925440674e+00   3.2551796290564745e+00   2.6044965938447255e+00   1.7444372282790304e+00   1.7389732740408592e-08   9.0863494344249413e-07   5.5259781999943418e-04   1.1987208482438724e-02   4.5241153440343435e-02   1.1098268659691196e-01   2.0771881014761090e-01
   2.9297898540908829e+00   2.8974412048087874e+00   2.0254849362017300e+00   6.4090951215813230e-01   7.3059664829726032e-09   8.9170714656429190e-06   2.3576746600146789e-03   1.7075943253471882e-02   8.0971240037523873e-02   1.8333970813972311e-01   2.8410976013834266e-01
   3.0032605533823760e+00   2.6951851451656226e+00   1.6520291953854223e+00   1.1371252120704739e-01   8.0826049837048378e-10   4.3314288632759849e-05   5.0092105713337044e-03   4.4936086631346968e-02   1.2260070236266950e-01   2.4133023272074186e-01   4.6349985213785072e-01
   3.1766953436851666e+00   2.2849678363764951e+00   1.1070308058418492e+00   2.2903369640974378e-11   2.9661736848927851e-09   2.4954757267697488e-04   9.0459377803742674e-03   5.7239379850274955e-02   1.7903958818647389e-01   3.7380983888882779e-01   5.1864495205325589e-01
   3.1581171513559463e+00   1.9799927659920731e+00   5.2403461649268768e-01   2.9542658876111514e-15   8.7828458953972714e-09   4.4000249219599663e-04   1.5473340834558709e-02   9.6240283044266531e-02   2.3488638461134975e-01   3.8628255203035117e-01   6.8403763107670645e-01
   3.0118593080960330e+00   1.7582798481120703e+00   2.1923048989076435e-01   4.1629465506355992e-12   3.2283191210949440e-07   1.2312854227552799e-03   3.0113141583744986e-02   1.2070035716698059e-01   3.3278243459985224e-01   5.5103554555967804e-01   9.2708426498587637e-01
   2.9004521283203792e+00   1.3759646907658438e+00   3.7720040669925329e-10   3.3829068484701892e-12   1.2039417470268560e-06   3.9350980949668162e-03   3.8440624300992973e-02   1.4570065505070467e-01   3.4438976883731598e-01   6.7742490960542623e-01   1.2064366631702117e+00
   2.5793672289486209e+00   1.0742779762103813e+00   1.1608253134823062e-12   9.3622574638855197e-13   1.5913703137372413e-06   7.0447921345570680e-03   6.8306900133264042e-02   2.1218622717217783e-01   4.4876474261858162e-01   9.3647534095175611e-01   1.5301773094643907e+00
   2.3514800749071689e+00   7.3442208220611371e-01   4.4703749668578424e-16   7.3916466843352094e-12   2.1099064526886380e-05   8.2434235347115213e-03   8.7683667459419246e-02   3.0746091129154396e-01   6.1181226499975461e-01   1.2131980125595880e+00   1.5430053364796994e+00
   2.1700808471084727e+00   3.9781793062894022e-01   1.3426022272584300e-15   4.2206091308305534e-12   1.2110312559473186e-04   1.9456333151462238e-02   1.3105011698283253e-01   2.9867066418692639e-01   7.6966166524289237e-01   1.4720854796413754e+00   1.7831127339262107e+00
   1.9781384339402974e+00   1.5284311095583508e-01   2.6153845085627714e-18   4.1246493193674289e-12   3.8175699968173032e-04   2.0398120290079050e-02   1.3032132848637176e-01   3.8658553904222692e-01   9.6659277016625467e-01   1.4520845489369740e+00   2.1854662527163251e+00
   1.7608420641271321e+00   3.4079939690538942e-02   8.1698658629265087e-19   5.1804710012720367e-11   4.8974119053964886e-04   3.4503407926953195e-02   1.9960200380893794e-01   5.2756210214565114e-01   1.2500043451915315e+00   1.7080321929023077e+00   2.6310042271522054e+00
   1.5175716722427568e+00   2.0267192281249985e-13   1.7259093226706923e-14   1.6913594602704381e-10   1.9332536131425391e-03   4.1551434210082436e-02   2.4850971555760998e-01   6.7853726940036252e-01   1.3797951378016255e+00   2.0547426222952390e+00   3.3029234341822047e+00
   1.3937154289579541e+00   3.5088191172329791e-14   1.7321962690508859e-16   1.1556443287350345e-09   2.8196221768373416e-03   6.2118285404095086e-02   2.6815347891084806e-01   7.8988214663181799e-01   1.3766482807949347e+00   2.4669261572464443e+00   3.8111517887744846e+00
   1.2388834366687673e+00   1.6133495359370838e-17   5.6182744832229800e-15   8.1359404068021296e-09   5.1711277701287951e-03   9.9764309588407360e-02   2.9453315104639016e-01   1.0635853124488424e+00   1.5802725847898407e+00   3.1107342094166661e+00   4.5773112043307673e+00
   9.8767837250308976e-01   2.0896380583301849e-18   8.1675065340330489e-16   5.0843765431546753e-08   8.0073990011749595e-03   9.0163598733962430e-02   4.2743060014091872e-01   1.2910358260651622e+00   2.1059132193547456e+00   3.5535043035700258e+00   5.3029222204553754e+00
   7.1712731832027088e-01   1.0642762744072973e-19   4.0447118752959033e-14   2.1574626274924024e-06   1.2118710836821599e-02   1.1920343723084020e-01   4.8096189373000664e-01   1.3123267100614679e+00   2.5024932698318816e+00   4.2956140992773388e+00   6.0899438063865805e+00
   5.1489975351818607e-01   2.4298390601563704e-19   2.3882361636567123e-14   6.2963308846654147e-06   1.3628168637341363e-02   1.6316005417885132e-01   6.3668940756316283e-01   1.3908231018093606e+00   3.1311216606467775e+00   5.1437565061194315e+00   6.7242998895870834e+00
   3.6618089777676111e-01   6.4760401751663598e-21   2.3101191847014121e-15   1.1004372928413719e-05   2.6336223907142724e-02   2.4050588032139247e-01   8.1867941367219843e-01   1.6644789155420323e+00   3.6030303014072333e+00   5.6871324472426759e+00   7.6269918761462066e+00
   2.3983758485007145e-01   1.9199716893987789e-26   6.1079866123184897e-15   7.8772038132585181e-05   2.6713743218044816e-02   2.3325153717782490e-01   9.4489041190804635e-01   2.1471582752978629e+00   4.3295831403306480e+00   6.5589453802423865e+00   8.3131995697184600e+00
   1.2117353505413254e-01   9.7601419102927784e-22   2.0037293837034366e-14   2.0306455262154486e-04   4.3265914897740496e-02   2.5555287163221507e-01   1.1516313229848580e+00   2.5744467108893128e+00   4.7987151385627893e+00   7.2013008335569335e+00   9.2928899289465630e+00
   5.9988809507389149e-02   4.2317199356955381e-23   2.5763746791574691e-14   3.6382190546431904e-04   6.0814794892630711e-02   3.3320558583484661e-01   1.2721156122168518e+00   3.0876651653856335e+00   5.5548225005663969e+00   8.0748565727686348e+00   1.0041474409802017e+01
   4.5400520851968610e-03   2.6263802820562312e-22   4.5471746331785868e-14   6.7105207373845295e-04   7.4001804817409839e-02   3.9045438371006502e-01   1.4452335544369228e+00   3.7011141628865500e+00   6.3731777613953238e+00   8.7375606462550870e+00   1.1085950923316062e+01
   1.8054469242136574e-12   3.9014964008204616e-22   1.5441040148663276e-13   1.7073555418465134e-03   7.1038654044384766e-02   5.0381631611676125e-01   1.6805607044460809e+00   4.1742121979938922e+00   7.0866656781895587e+00   9.6981291184434788e+00   1.1840490353446279e+01
   1.3166266093925744e-17   2.2172364115199793e-21   7.8972462651747176e-14   1.6896630540496602e-03   1.0538163037445668e-01   6.8495694004352359e-01   2.1322357546931903e+00   4.9047161358002960e+00   7.9636518050182872e+00   1.0582595420197137e+01   1.2825096571312896e+01
   1.6937725644870680e+00   1.7835587743576458e+00   2.2237652977508966e+00   2.6743496865727145e+00   3.3494739399573445e+00   3.9700873731324204e+00   4.6028662984516746e+00   5.3318612751821925e+00   6.2542863141976177e+00   7.0982225464730835e+00   7.8766941625473113e+00
   1.6651772897846144e+00   2.0144015652933627e+00   2.4499583942817793e+00   2.9735959264914413e+00   3.6601432809999848e+00   4.5384597541756042e+00   5.2901057741590796e+00   5.7617183201955857e+00   5.9018742262463579e+00   5.9032263112144889e+00   6.2343548089453495e+00
   1.6614905780488209e+00   2.0655690402657125e+00   2.6554107725706046e+00   3.4991543066683235e+00   4.2064381641985706e+00   4.6613645776303994e+00   4.4125164868207811e+00   4.2801357465496572e+00   3.6034026427974144e+00   1.6089295595077930e+00   5.9137912664072767e-01
   1.6677733488537907e+00   2.2588606381826146e+00   2.8612550456005761e+00   3.6865177826735649e+00   4.0679306811780265e+00   3.6699194372136015e+00   3.3472070068678716e+00   1.7616881736540839e+00   1.0952328005438279e-01   8.3074448136141298e-03   1.9076937217626912e-02
   1.7819580858478239e+00   2.4029609521507984e+00   3.2606761012044441e+00   3.8775347868635031e+00   3.3618129842455264e+00   2.8553860498094257e+00   1.4639660540245099e+00   1.5041587512340051e-03   4.1742644049359220e-03   1.1729071432676125e-02   2.6837755057380692e-02
   1.8958810486069888e+00   2.5832412965163103e+00   3.5834994289661766e+00   3.3580181591221958e+00   2.8415726020506664e+00   1.6482216529463136e+00   1.9694851831954797e-04   1.7365041929718284e-03   6.5195379115677108e-03   2.2695859217159640e-02   4.6434736575714078e-02
   1.9555214088557487e+00   2.9567541888846378e+00   3.6018028143647811e+00   2.9320970654737577e+00   2.2738726315883286e+00   3.7180345820899141e-01   4.1713691885212560e-05   9.2305755100505389e-04   1.0409675889292081e-02   3.9121026530308009e-02   7.6864611339792499e-02
   2.0298693595920474e+00   3.2207483150072727e+00   3.2391146209550299e+00   2.5070371134548006e+00   1.2680454991913241e+00   5.9507072544074786e-06   2.1092061874927601e-04   4.4323697951752471e-03   1.9223004348236896e-02   5.5496528804971489e-02   1.2635372856188251e-01
   2.3216582809336073e+00   3.3241565282052110e+00   3.0190676167970021e+00   2.1335781906746405e+00   4.5939752555446234e-01   1.4660081027975071e-07   3.7148408259086324e-04   5.7190850783255670e-03   3.0645200375508774e-02   7.2434843604883559e-02   1.7615070002854941e-01
   2.4895363005038389e+00   3.2492103140860884e+00   2.5663394851134593e+00   1.7649252167992406e+00   4.7296594619325283e-02   3.7166461286142344e-07   6.4006297517340616e-04   1.1627107884400436e-02   4.2554671438413648e-02   1.0127563582938433e-01   2.0587645564211954e-01
   2.8429331617295261e+00   3.0807436264586148e+00   2.2462775899646967e+00   9.7218464875979027e-01   1.0680942790486420e-09   6.9550586336548173e-06   1.5636757101998452e-03   1.5849307770232565e-02   5.8589355435874693e-02   1.5045813006520475e-01   2.5630485960463673e-01
   2.8726015821260211e+00   2.9367414399202678e+00   1.9857694931187511e+00   4.9769300267987959e-01   7.4125988496200748e-11   4.8368981426406765e-05   2.5523200725315713e-03   2.4618540108945167e-02   8.0695193909799262e-02   2.1914273401705833e-01   3.1978600956449732e-01
   2.9814341233259434e+00   2.7612525304275266e+00   1.6482603817053372e+00   1.7579544438916644e-01   1.6596507203865751e-09   2.8571003055876957e-05   5.0243108061346544e-03   4.1479880820802936e-02   1.2942157172057503e-01   2.1409828999733449e-01   4.4930788497708196e-01
   3.2158218558219014e+00   2.5547004221954097e+00   1.4709744322313312e+00   3.0315176455436765e-10   2.6100859661210797e-10   4.4374970024064605e-05   9.0002399289377272e-03   5.0689328699924888e-02   1.3245573896848462e-01   3.1468265134097828e-01   4.3714586003976036e-01
   3.1959939625754799e+00   2.3177652234881814e+00   9.8879892298679617e-01   1.7060387485179597e-11   1.1989627754586276e-09   2.0167761033520532e-04   9.8792622543598142e-03   5.9524652263918440e-02   2.0109508576761087e-01   3.9992036131040382e-01   5.5686228657096126e-01
   3.2471162326627936e+00   2.0812513889041906e+00   6.0910237718911442e-01   1.8595093216175382e-14   2.5093448794483760e-08   4.0754345493258646e-04   1.5515416912654654e-02   9.0189072560650452e-02   2.0473545370974588e-01   3.9952952534262520e-01   6.3530502226912233e-01
   3.1947743624171245e+00   1.8471219325035482e+00   4.1308340743636696e-01   4.9308408015840986e-14   1.0552643013840569e-08   1.2056802792003278e-03   2.3559749184200649e-02   8.8278902330877318e-02   2.7149691514781221e-01   4.6004767178556655e-01   8.5088309720268329e-01
   2.9430212052702034e+00   1.7361057654208529e+00   1.5235048970933296e-01   1.5880958614415183e-12   1.4694228690949024e-07   1.1185713325254356e-03   2.6850423145216365e-02   1.3243365257026729e-01   3.5164288776873848e-01   5.7643237313273721e-01   9.6063785237342558e-01
   2.7823380662368749e+00   1.3900859089288931e+00   7.5927664551029610e-08   1.8221014066396995e-13   2.2122765404362454e-07   2.6079143373319525e-03   3.7134485783612184e-02   1.5697751729141107e-01   3.5819564698950523e-01   6.5656355250453735e-01   1.1796047392320865e+00
   2.7158972865655402e+00   1.2829617034666865e+00   1.0538499498412443e-12   4.7204079300209149e-12   1.9950239625998771e-06   2.9135917309824218e-03   5.9308113784370120e-02   1.6678452642260769e-01   3.8410352530030917e-01   8.2263452759569011e-01   1.3419991376985492e+00
   2.5954793894465782e+00   1.0780050991732653e+00   8.3527359889102206e-14   5.8492969887998033e-13   5.4750186997056439e-06   6.6910165148226820e-03   6.5894208487847439e-02   2.3292107856585298e-01   4.6213284545431133e-01   9.8710128717728918e-01   1.5603656657710192e+00
   2.3566211829923760e+00   8.3953248123337232e-01   2.1058593328632743e-17   5.6919988495546655e-12   1.6029194332612707e-05   7.9705393811811374e-03   7.0812563839548703e-02   2.7142233418062822e-01   5.7040214117649413e-01   1.1272207005699264e+00   1.5506305532208906e+00
   2.3017071704784238e+00   6.1395203675182486e-01   8.3362438997091936e-17   7.6225765571041644e-12   5.0838426779800482e-05   1.2779331543409777e-02   1.1056094103639760e-01   3.2216660793684737e-01   6.8124366905564204e-01   1.3475107392940298e+00   1.5314798147831663e+00
   2.1718042238649815e+00   3.7773326786946138e-01   4.2791632725323043e-15   6.9717380409025315e-12   1.4947679617472018e-04   2.0619414960819437e-02   1.2912855608287754e-01   2.9810457998714757e-01   7.6219502521989835e-01   1.4721492834005359e+00   1.7985766755220061e+00
   2.0701598769781162e+00   2.2369209892817293e-01   1.4528705206940684e-15   2.2547755775633139e-11   1.9030085142844496e-04   2.2894458884854529e-02   1.1209920219323347e-01   3.4499689536540079e-01   8.9515797416341447e-01   1.4624470591412919e+00   2.0774185090509403e+00
   1.9041669268956438e+00   1.0514905856002360e-01   9.0888468233800350e-17   1.9984782339573151e-11   5.1540944834008976e-04   2.4705642219198670e-02   1.5191493418275362e-01   4.4451952948175527e-01   1.1109117099960857e+00   1.4481345251892872e+00   2.3399177911171947e+00
   1.7586214706515779e+00   3.5999089213279961e-02   3.5317676440224615e-18   1.2979065805968057e-11   5.0143980203820214e-04   3.5682026044410994e-02   2.0090292762235659e-01   5.3470695608456342e-01   1.2587838441059587e+00   1.7154797408260807e+00   2.6393464013676189e+00
   1.6184257238774657e+00   3.3916650640611137e-10   1.4549341855099680e-15   8.9531995255664668e-12   1.0027791753474988e-03   4.6612380082417269e-02   2.4158530335747821e-01   6.2181203389734885e-01   1.3487076389086519e+00   1.9299150257152027e+00   3.0981838032150391e+00
   1.5046960162113268e+00   3.3853650881593147e-14   5.3953375324362560e-15   4.2423742023431438e-11   2.1285696482002945e-03   4.6347445687165562e-02   2.7494375348315814e-01   6.9972961225559815e-01   1.3788669274718603e+00   2.1864181936428047e+00   3.4680356646118513e+00
   1.3803291478980197e+00   5.0277600250718693e-14   1.3109420956423635e-15   1.5029815111074245e-09   2.7498159677013427e-03   6.1617988607647042e-02   2.6825331806441005e-01   7.8734997567904152e-01   1.3768482826237702e+00   2.4625111672223339e+00   3.8051696390345575e+00
   1.2487039883509836e+00   1.4189728190762419e-14   3.0515801293145995e-15   3.6179581020146497e-09   4.4960619194214600e-03   7.9110676937052815e-02   2.8690432248478953e-01   9.4005207319986828e-01   1.4800214623981049e+00   2.9405714897600563e+00   4.1552123760000619e+00
   1.6937725644870680e+00   1.7835587743576458e+00   2.2237652977508966e+00   2.6743496865727145e+00   3.3494739399573445e+00   3.9700873731324204e+00   4.6028662984516746e+00   5.3318612751821925e+00   6.2542863141976177e+00   7.0982225464730835e+00   7.8766941625473113e+00
   1.5564555324158436e+00   1.9714745402571263e+00   2.4478682252875075e+00   3.0035820112908045e+00   3.5142764035029614e+00   4.1806922863112757e+00   4.9784001058968688e+00   5.7543675229304458e+00   6.3858127327122727e+00   6.8340336873735446e+00   7.3306432986503429e+00
   1.7082477097064483e+00   2.0863221407643109e+00   2.4951072191772292e+00   3.0531029453232841e+00   3.7692533338601359e+00   4.5343404426595360e+00   5.3036283183216018e+00   5.6135664320553005e+00   5.6540004774862993e+00   5.8382444117701704e+00   5.8651000579475365e+00
   1.7105802133036367e+00   2.0739936415158962e+00   2.5248841757162950e+00   3.3077522785900815e+00   4.0682713525678471e+00   4.7644460017010601e+00   4.7632935233446130e+00   4.6600174687701790e+00   4.7204934802894556e+00   3.6356948638231392e+00   1.8246369212287452e+00
   1.6451242339145349e+00   2.0999059833643896e+00   2.7572822832478594e+00   3.4463334969619863e+00   4.3164639608542892e+00   4.3880314260895643e+00   4.2054596393547792e+00   3.9829393750017519e+00   2.3750799727377445e+00   8.2915235970758172e-01   1.2143758728309608e-02
   1.6826808664612964e+00   2.2060673246704301e+00   2.8769410416683838e+00   3.7138070094466906e+00   4.1933478788265210e+00   3.9815959276380282e+00   3.5322641394606045e+00   2.2317389004862189e+00   3.9185822118075592e-01   4.6035191462410509e-03   1.3673840411988823e-02
   1.7186716766494978e+00   2.3453192029035406e+00   3.0392168289512682e+00   3.9493155286797488e+00   3.7115339496599660e+00   3.3018177228249095e+00   2.6395658813365648e+00   7.7954032150434038e-01   2.8043988196519414e-03   7.4344893876096621e-03   1.7305955037952767e-02
   1.7764528193156863e+00   2.3870527337220500e+00   3.2029405338557204e+00   3.8411800966154539e+00   3.4744851269329682e+00   2.9186887112898052e+00   1.4985945364608528e+00   5.7153690197822094e-04   3.4057188765387260e-03   9.0272657047044732e-03   2.4650674993307826e-02
   1.8395705901500956e+00   2.4497298217579404e+00   3.5546464872892543e+00   3.5681125807425111e+00   3.0387381177846997e+00   2.6523927069628579e+00   3.4906888608720688e-01   1.3066170418329858e-03   6.1261427453210612e-03   2.0791051731524436e-02   4.1403491761621586e-02
   1.9142737381360826e+00   2.6313344023954457e+00   3.5674180823196195e+00   3.3837845895021368e+00   2.7033798268178479e+00   1.5679762418160206e+00   1.8182403320008068e-04   2.0189678961578675e-03   7.1819356942222981e-03   2.6069540740413049e-02   4.4259734753732474e-02
   1.9615974717500280e+00   2.7767893408908018e+00   3.6315206957029513e+00   3.1606570476315889e+00   2.4208433429313310e+00   8.9791062692812673e-01   8.9670791504354355e-05   2.6565088586500063e-03   1.1379371416669892e-02   3.0595400968152817e-02   6.2838805736669306e-02
   1.9481120828324126e+00   2.9306950183396827e+00   3.4075957331841078e+00   2.8179213152915228e+00   2.1489713205528345e+00   2.3773722812503531e-01   1.1255829508043084e-04   1.3443996733795314e-03   1.3656926792634094e-02   3.7364818873212760e-02   7.8759718891569380e-02
   2.0545854706261606e+00   3.2003535161828669e+00   3.2599234854270005e+00   2.6683176693170561e+00   1.6283838833553306e+00   1.0108662390008320e-06   7.6003583344054360e-05   2.1201000158871195e-03   1.6379101027953830e-02   5.9138447805699580e-02   1.0086848877271372e-01
   2.1249124462871318e+00   3.2558284529070423e+00   3.1816040641122219e+00   2.3642582386200282e+00   8.4120747924408024e-01   3.9199454339549437e-07   1.1178999301781824e-04   3.2612666689363075e-03   2.6726217226198890e-02   6.1378218757953816e-02   1.3150280532105091e-01
   2.2108596532881033e+00   3.3946121058583163e+00   3.0170811968200018e+00   2.1089927537275983e+00   5.0508722631793557e-01   6.0098796144666154e-07   3.9739549267760264e-04   6.6434570141943880e-03   2.8589862112987960e-02   7.5302153005288697e-02   1.6534911122818649e-01
   2.3019439213380433e+00   3.2188759290799616e+00   2.8017025768081187e+00   1.9116675666851086e+00   2.4269390068049282e-01   7.3607502398854903e-07   3.6174999569915461e-04   7.3262836343869434e-03   3.4788210742140099e-02   1.0858417500224646e-01   1.6527247668101724e-01
   2.5944057603147712e+00   3.2655751187512054e+00   2.5656139651441867e+00   1.7676141586532572e+00   9.0821292025772577e-07   4.9942459225353675e-07   7.0540372456939380e-04   1.2225096218411270e-02   4.3500846211231591e-02   1.0211586747931563e-01   2.0258529027315791e-01
   2.7763909174315744e+00   3.2321123163643533e+00   2.4579182242250921e+00   1.2592604791533386e+00   3.0234292008197256e-09   1.0008658779036184e-05   1.3298759776382034e-03   1.2347965636219886e-02   5.7180373384664931e-02   1.5402685877370317e-01   2.5111284923734045e-01
   2.8441270440986415e+00   3.0740037369187614e+00   2.1954436120031833e+00   8.5346166553133596e-01   3.4492192588701677e-10   6.5250794706365426e-06   9.6535073033806110e-04   2.1022468155864477e-02   5.6114791203358001e-02   1.4570745644256386e-01   2.6023024286153362e-01
   2.8379537665441603e+00   2.9284057112454320e+00   2.0835363262771089e+00   5.9713535533047413e-01   3.2227543629112723e-09   1.2361657745969594e-05   2.3057308028954461e-03   1.7052002098888935e-02   8.0444044638971229e-02   1.8323658476771704e-01   2.9120137893949638e-01
   2.9242760114430109e+00   2.8277759974289460e+00   1.8455382548722044e+00   4.0082295709264992e-01   5.2595695057908513e-10   8.8136777511167087e-06   4.5355075978666566e-03   3.0356883371778880e-02   9.3889932388387137e-02   2.4049534968842737e-01   3.7082141046192912e-01
   3.0295532335193291e+00   2.7526462770836346e+00   1.7472339747202756e+00   2.2276807643937657e-01   6.4709045609121640e-10   3.4735578516997245e-05   4.4309464445111291e-03   4.1027796937521295e-02   1.2407096813027577e-01   2.1905392377337524e-01   4.1090204119187845e-01
   3.0673989920356881e+00   2.7106660204555926e+00   1.6473807347079052e+00   5.6373109573577024e-02   2.0041880673899862e-10   4.4977741915281733e-05   4.5168609660415117e-03   4.3044092268520746e-02   1.1189797078424535e-01   2.4759753498150205e-01   4.6579263507059887e-01
   3.1960614009256050e+00   2.5518762786071423e+00   1.4823258444591232e+00   8.6054215284656509e-09   5.2185792442634431e-10   4.2100376169542733e-05   9.0329384649471996e-03   5.0660485030387392e-02   1.3242689984037143e-01   3.1320076817908232e-01   4.3561033813787342e-01
   3.2967580904697273e+00   2.3940154241359464e+00   1.1526566093259731e+00   1.2135057984339325e-11   3.4415458965739200e-09   1.4676182740713643e-04   8.5146760067606152e-03   6.0432633722432072e-02   1.8101561310465569e-01   3.4701829851976473e-01   4.9416146508050374e-01
   3.2261669185664701e+00   2.1996078260664476e+00   9.3868384498959334e-01   4.1402873861063538e-12   1.0993601215675663e-09   8.4773596536831593e-05   1.2023239114773840e-02   6.3325764905825199e-02   1.9922971695685993e-01   3.8959178163108127e-01   5.6246377403723069e-01
   3.1897079153641346e+00   2.1031222932579747e+00   6.8127721531123275e-01   4.3019847486302125e-12   1.0846499352723159e-09   3.8685431588410713e-04   1.5061426087944106e-02   8.2311685621964198e-02   1.7516172256454876e-01   4.1788456346217995e-01   6.4037990589504301e-01
   2.9726763646226484e+00   1.9774496832648620e+00   5.4392700452791920e-01   3.6384672386212071e-14   1.2943462017609240e-08   4.5424350904421130e-04   1.5200653300186653e-02   9.6717699050200445e-02   2.3610253713617746e-01   3.8484361511478460e-01   6.7816511932096624e-01
   3.2365474574170969e+00   1.8514426026288042e+00   4.4639040466338137e-01   6.3491702119505080e-14   8.3222222095075061e-09   7.7787101176130316e-04   2.1606387206903666e-02   8.1235763879190959e-02   2.4873405596051945e-01   4.4469786236855224e-01   8.2659353834915672e-01
   3.1196060203461284e+00   1.7559094430849487e+00   3.3942712161469496e-01   1.1309593237071234e-12   6.0872449116582139e-08   1.0147994771406502e-03   2.4900250634501735e-02   1.0656843704445074e-01   3.0114334596125814e-01   4.9320941948689684e-01   8.4857022079788513e-01
   3.0706773672544703e+00   1.7403997291696003e+00   1.6983807327728534e-01   6.0580944591721299e-12   2.2285246041615861e-07   1.0125830594302470e-03   2.6237778259346506e-02   1.2895090183801777e-01   3.4421068490012141e-01   5.8867519670379875e-01   9.4772251545821073e-01
