      0.28318066      0.20948209      0.16644106      0.13887921     0.086201750
      0.44473211      0.34265179      0.28530349      0.24769898      0.16794876
      0.54709128      0.43396994      0.36836796      0.32488678      0.22917171
      0.61696769      0.50308978      0.43328418      0.38620076      0.27964465
      0.66659867      0.55749712      0.48636416      0.43731597      0.32323403
      0.70284237      0.60118655      0.53071517      0.48092676      0.36176444
      0.72991683      0.63670660      0.56821676      0.51859839      0.39625973
      0.75054932      0.66584903      0.60016462      0.55137820      0.42737692
      0.76655976      0.68994220      0.62752716      0.58003771      0.45558279
      0.77919128      0.71000026      0.65106411      0.60518208      0.48123463
