68.114   136.228  136.228  136.228  136.228 
136.228  136.228  136.228  132.196  134.212  
134.212  136.228  136.228  136.228  136.228  
136.228  136.228  136.228  136.228  136.228  
136.228  136.228  136.228  148.195  152.227  
152.227  152.227  152.227  152.227  154.243  
154.243  154.243  154.243  154.243  170.242  
170.242  192.289  204.342  196.278  204.342  
204.342  204.342  204.342  204.342  204.342  
204.342  204.342  204.342  204.342  204.342  
204.342  204.342  204.342  204.342  204.342  
204.342  204.342  204.342  204.342  204.342  
204.342  204.342  204.342  204.342  204.342  
204.342  204.342  222.357  222.357  222.357  
84.113   32.041   58.077   16.042   17.031   
44.013   30.006   44.051   46.067   46.024    
30.025   60.05    86.129   86.129   106.117  
72.103   156.259  168.312  194.305  114.181  
100.198  86.172   136.142  126.191  194.305  
142.233  140.217  128.207  128.207  128.207  
100.112  72.146   120.143  88.059   196.278  
196.364  92.134   28.009   56.104   30.068  
28.052   27.025   44.094   42.078   76.14  
60.074   146.27   94.198   62.133   50.487  
94.934   141.934  34.081   48.107   120.234  
148.286  150.254  152.141  117.143  164.237  
224.287  218.368  100.155  102.171  98.139  
98.139   100.155  142.19   262.333  250.323  
86.129   114.181  108.133  134.212  150.168
150.211  108.133  132.196  154.243  128.164