  1.000  1.000  1.000  1.000  1.000  1.000  1.000  1.000  0.006  0.055
  0.017  0.055  0.033  0.055  0.055  0.067  0.160  0.248  0.005  0.002
  0.006  0.022  0.006  0.002  0.033  0.006  0.002  0.028  0.006  0.011
  0.004  0.060  0.003  0.017  0.003  0.017  0.001  0.003  1.000  1.000
  0.016  0.006  0.144  0.002  0.002  0.120  0.024  0.012  0.008  0.005
  0.008  0.012  0.008  0.016  0.234  0.008  0.024  0.004  0.199  0.002
  0.002  0.002  0.002  0.012  0.040  0.080  0.002  0.002  0.002  0.002
  1.000  1.000  1.000  0.005  0.000  0.000  1.000  0.400  0.400  0.060  
  0.080  0.060  0.001  0.001  0.001  0.010  0.001  0.001  0.025  0.001
  0.001  0.001  0.001  0.010  0.001  0.001  0.001  0.001  0.001  0.002
  0.010  0.001  0.001  0.015  0.001  0.001  0.030  1.000  0.240  0.010
  0.580  0.015  0.001  0.480  0.002  0.003  0.001  0.002  0.050  0.010
  0.002  0.001  0.003  0.001  0.001  0.001  0.030  0.030  0.002  0.001
  0.010  0.002  0.010  0.010  0.100  0.060  0.060  0.060  0.060  0.030
  0.001  0.001  0.001  0.003  0.002  0.003  0.001  0.003  0.003  0.001 
  1.000  1.000  1.000  1.000  1.000  1.000  1.000  1.000  0.006  0.055
  0.017  0.055  0.033  0.055  0.055  0.067  0.160  0.248  0.005  0.002
  0.006  0.022  0.006  0.002  0.033  0.006  0.002  0.028  0.006  0.011
  0.004  0.060  0.003  0.017  0.003  0.017  0.001  0.003  1.000  1.000
  0.016  0.006  0.144  0.002  0.002  0.120  0.024  0.012  0.008  0.005
  0.008  0.012  0.008  0.016  0.234  0.008  0.024  0.004  0.199  0.002
  0.002  0.002  0.002  0.012  0.040  0.080  0.002  0.002  0.002  0.002
  1.000  1.000  1.000  0.005  0.000  0.000  1.000  0.400  0.400  0.060
  0.080  0.060  0.001  0.001  0.001  0.010  0.001  0.001  0.025  0.001
  0.001  0.001  0.001  0.010  0.001  0.001  0.001  0.001  0.001  0.002
  0.010  0.001  0.001  0.015  0.001  0.001  0.030  1.000  0.240  0.010
  0.580  0.015  0.001  0.480  0.002  0.003  0.001  0.002  0.050  0.010
  0.002  0.001  0.003  0.001  0.001  0.001  0.030  0.030  0.002  0.001
  0.010  0.002  0.010  0.010  0.100  0.060  0.060  0.060  0.060  0.030
  0.001  0.001  0.001  0.003  0.002  0.003  0.001  0.003  0.003  0.001 
  1.000  1.000  1.000  1.000  1.000  1.000  1.000  1.000  0.006  0.055
  0.017  0.055  0.033  0.055  0.055  0.067  0.160  0.248  0.005  0.002
  0.006  0.022  0.006  0.002  0.033  0.006  0.002  0.028  0.006  0.011
  0.004  0.060  0.003  0.017  0.003  0.017  0.001  0.003  1.000  1.000
  0.016  0.006  0.144  0.002  0.002  0.120  0.024  0.012  0.008  0.005
  0.008  0.012  0.008  0.016  0.234  0.008  0.024  0.004  0.199  0.002
  0.002  0.002  0.002  0.012  0.040  0.080  0.002  0.002  0.002  0.002
  1.000  1.000  1.000  0.005  0.000  0.000  1.000  0.400  0.400  0.060 
  0.080  0.060  0.001  0.001  0.001  0.010  0.001  0.001  0.025  0.001
  0.001  0.001  0.001  0.010  0.001  0.001  0.001  0.001  0.001  0.002
  0.010  0.001  0.001  0.015  0.001  0.001  0.030  1.000  0.240  0.010
  0.580  0.015  0.001  0.480  0.002  0.003  0.001  0.002  0.050  0.010
  0.002  0.001  0.003  0.001  0.001  0.001  0.030  0.030  0.002  0.001
  0.010  0.002  0.010  0.010  0.100  0.060  0.060  0.060  0.060  0.030
  0.001  0.001  0.001  0.003  0.002  0.003  0.001  0.003  0.003  0.001 
  1.000  1.000  1.000  1.000  1.000  1.000  1.000  1.000  0.011  0.057
  0.034  0.046  0.011  0.057  0.057  0.057  0.057  0.180  0.010  0.003
  0.011  0.046  0.011  0.003  0.034  0.011  0.003  0.011  0.002  0.057
  0.008  0.138  0.007  0.034  0.007  0.030  0.002  0.001  1.000  1.000
  0.019  0.007  0.084  0.002  0.002  0.056  0.028  0.014  0.009  0.006
  0.009  0.014  0.009  0.019  0.276  0.009  0.028  0.005  0.139  0.002
  0.002  0.002  0.002  0.014  0.046  0.186  0.002  0.002  0.005  0.002
  1.000  1.000  1.000  0.005  0.000  0.000  1.000  0.400  0.400  0.060 
  0.080  0.060  0.001  0.001  0.001  0.010  0.001  0.001  0.025  0.001
  0.001  0.001  0.001  0.010  0.001  0.001  0.001  0.001  0.001  0.002
  0.010  0.001  0.001  0.015  0.001  0.001  0.030  1.000  0.240  0.010
  0.580  0.015  0.001  0.480  0.002  0.003  0.001  0.002  0.050  0.010
  0.002  0.001  0.003  0.001  0.001  0.001  0.030  0.030  0.002  0.001
  0.010  0.002  0.010  0.010  0.100  0.060  0.060  0.060  0.060  0.030
  0.001  0.001  0.001  0.001  0.002  0.001  0.001  0.001  0.001  0.001
  1.000  1.000  1.000  1.000  1.000  1.000  1.000  1.000  0.011  0.057
  0.034  0.046  0.011  0.057  0.057  0.057  0.057  0.180  0.010  0.003
  0.011  0.046  0.011  0.003  0.034  0.011  0.003  0.011  0.002  0.057
  0.008  0.138  0.007  0.034  0.007  0.030  0.002  0.001  1.000  1.000
  0.019  0.007  0.084  0.002  0.002  0.056  0.028  0.014  0.009  0.006
  0.009  0.014  0.009  0.019  0.276  0.009  0.028  0.005  0.139  0.002
  0.002  0.002  0.002  0.014  0.046  0.186  0.002  0.002  0.005  0.002
  1.000  1.000  1.000  0.005  0.000  0.000  1.000  0.400  0.400  0.060 
  0.080  0.060  0.001  0.001  0.001  0.010  0.001  0.001  0.025  0.001
  0.001  0.001  0.001  0.010  0.001  0.001  0.001  0.001  0.001  0.002
  0.010  0.001  0.001  0.015  0.001  0.001  0.030  1.000  0.240  0.010
  0.580  0.015  0.001  0.480  0.002  0.003  0.001  0.002  0.050  0.010
  0.002  0.001  0.003  0.001  0.001  0.001  0.030  0.030  0.002  0.001
  0.010  0.002  0.010  0.010  0.100  0.060  0.060  0.060  0.060  0.030
  0.001  0.001  0.001  0.001  0.002  0.001  0.001  0.001  0.001  0.001 
  1.000  1.000  1.000  1.000  1.000  1.000  1.000  1.000  0.011  0.057
  0.034  0.046  0.011  0.057  0.057  0.057  0.057  0.180  0.010  0.003
  0.011  0.046  0.011  0.003  0.034  0.011  0.003  0.011  0.002  0.057
  0.008  0.138  0.007  0.034  0.007  0.030  0.002  0.001  1.000  1.000
  0.019  0.007  0.084  0.002  0.002  0.056  0.028  0.014  0.009  0.006
  0.009  0.014  0.009  0.019  0.276  0.009  0.028  0.005  0.139  0.002
  0.002  0.002  0.002  0.014  0.046  0.186  0.002  0.002  0.005  0.002
  1.000  1.000  1.000  0.005  0.000  0.000  1.000  0.400  0.400  0.060 
  0.080  0.060  0.001  0.001  0.001  0.010  0.001  0.001  0.025  0.001
  0.001  0.001  0.001  0.010  0.001  0.001  0.001  0.001  0.001  0.002
  0.010  0.001  0.001  0.015  0.001  0.001  0.030  1.000  0.240  0.010
  0.580  0.015  0.001  0.480  0.002  0.003  0.001  0.002  0.050  0.010
  0.002  0.001  0.003  0.001  0.001  0.001  0.030  0.030  0.002  0.001
  0.010  0.002  0.010  0.010  0.100  0.060  0.060  0.060  0.060  0.030
  0.001  0.001  0.001  0.001  0.002  0.001  0.001  0.001  0.001  0.001 
  1.000  1.000  1.000  1.000  1.000  1.000  1.000  1.000  0.011  0.057
  0.034  0.046  0.011  0.057  0.057  0.057  0.057  0.180  0.010  0.003
  0.011  0.046  0.011  0.003  0.034  0.011  0.003  0.011  0.002  0.057
  0.008  0.138  0.007  0.034  0.007  0.030  0.002  0.001  1.000  1.000
  0.019  0.007  0.084  0.002  0.002  0.056  0.028  0.014  0.009  0.006
  0.009  0.014  0.009  0.019  0.276  0.009  0.028  0.005  0.139  0.002
  0.002  0.002  0.002  0.014  0.046  0.186  0.002  0.002  0.005  0.002
  1.000  1.000  1.000  0.005  0.000  0.000  1.000  0.400  0.400  0.060 
  0.080  0.060  0.001  0.001  0.001  0.010  0.001  0.001  0.025  0.001
  0.001  0.001  0.001  0.010  0.001  0.001  0.001  0.001  0.001  0.002
  0.010  0.001  0.001  0.015  0.001  0.001  0.030  1.000  0.240  0.010
  0.580  0.015  0.001  0.480  0.002  0.003  0.001  0.002  0.050  0.010
  0.002  0.001  0.003  0.001  0.001  0.001  0.030  0.030  0.002  0.001
  0.010  0.002  0.010  0.010  0.100  0.060  0.060  0.060  0.060  0.030
  0.001  0.001  0.001  0.001  0.002  0.001  0.001  0.001  0.001  0.001 
  1.000  1.000  1.000  1.000  1.000  1.000  1.000  1.000  0.011  0.057
  0.034  0.046  0.011  0.057  0.057  0.057  0.057  0.180  0.010  0.003
  0.011  0.046  0.011  0.003  0.034  0.011  0.003  0.011  0.002  0.057
  0.008  0.138  0.007  0.034  0.007  0.030  0.002  0.001  1.000  1.000
  0.019  0.007  0.084  0.002  0.002  0.056  0.028  0.014  0.009  0.006
  0.009  0.014  0.009  0.019  0.276  0.009  0.028  0.005  0.139  0.002
  0.002  0.002  0.002  0.014  0.046  0.186  0.002  0.002  0.005  0.002
  1.000  1.000  1.000  0.005  0.000  0.000  1.000  0.400  0.400  0.060 
  0.080  0.060  0.001  0.001  0.001  0.010  0.001  0.001  0.025  0.001
  0.001  0.001  0.001  0.010  0.001  0.001  0.001  0.001  0.001  0.002
  0.010  0.001  0.001  0.015  0.001  0.001  0.030  1.000  0.240  0.010
  0.580  0.015  0.001  0.480  0.002  0.003  0.001  0.002  0.050  0.010
  0.002  0.001  0.003  0.001  0.001  0.001  0.030  0.030  0.002  0.001
  0.010  0.002  0.010  0.010  0.100  0.060  0.060  0.060  0.060  0.030
  0.001  0.001  0.001  0.001  0.002  0.001  0.001  0.001  0.001  0.001 
  1.000  1.000  1.000  1.000  1.000  1.000  1.000  1.000  0.009  0.046
  0.028  0.046  0.037  0.046  0.046  0.055  0.092  0.186  0.008  0.003
  0.009  0.037  0.009  0.003  0.046  0.009  0.003  0.046  0.009  0.037
  0.006  0.111  0.006  0.028  0.006  0.024  0.002  0.003  1.000  1.000
  0.019  0.008  0.096  0.002  0.002  0.067  0.029  0.014  0.010  0.006
  0.010  0.014  0.010  0.019  0.285  0.010  0.029  0.005  0.172  0.002
  0.002  0.002  0.002  0.014  0.048  0.115  0.002  0.002  0.002  0.002
  1.000  1.000  1.000  0.005  0.000  0.000  1.000  0.400  0.400  0.060
  0.080  0.060  0.001  0.001  0.001  0.010  0.001  0.001  0.025  0.001
  0.001  0.001  0.001  0.010  0.001  0.001  0.001  0.001  0.001  0.002
  0.010  0.001  0.001  0.015  0.001  0.001  0.030  1.000  0.240  0.010
  0.580  0.015  0.001  0.480  0.002  0.003  0.001  0.002  0.050  0.010
  0.002  0.001  0.003  0.001  0.001  0.001  0.030  0.030  0.002  0.001
  0.010  0.002  0.010  0.010  0.100  0.060  0.060  0.060  0.060  0.030
  0.001  0.001  0.001  0.001  0.002  0.001  0.001  0.001  0.001  0.001 
  1.000  1.000  1.000  1.000  1.000  1.000  1.000  1.000  0.009  0.046
  0.028  0.046  0.037  0.046  0.046  0.055  0.092  0.186  0.008  0.003
  0.009  0.037  0.009  0.003  0.046  0.009  0.003  0.046  0.009  0.037
  0.006  0.111  0.006  0.028  0.006  0.024  0.002  0.003  1.000  1.000
  0.019  0.008  0.096  0.002  0.002  0.067  0.029  0.014  0.010  0.006
  0.010  0.014  0.010  0.019  0.285  0.010  0.029  0.005  0.172  0.002
  0.002  0.002  0.002  0.014  0.048  0.115  0.002  0.002  0.002  0.002
  1.000  1.000  1.000  0.005  0.000  0.000  1.000  0.400  0.400  0.060
  0.080  0.060  0.001  0.001  0.001  0.010  0.001  0.001  0.025  0.001
  0.001  0.001  0.001  0.010  0.001  0.001  0.001  0.001  0.001  0.002
  0.010  0.001  0.001  0.015  0.001  0.001  0.030  1.000  0.240  0.010
  0.580  0.015  0.001  0.480  0.002  0.003  0.001  0.002  0.050  0.010
  0.002  0.001  0.003  0.001  0.001  0.001  0.030  0.030  0.002  0.001
  0.010  0.002  0.010  0.010  0.100  0.060  0.060  0.060  0.060  0.030
  0.001  0.001  0.001  0.001  0.002  0.001  0.001  0.001  0.001  0.001 
  1.000  1.000  1.000  1.000  1.000  1.000  1.000  1.000  0.009  0.046
  0.028  0.046  0.037  0.046  0.046  0.055  0.092  0.186  0.008  0.003
  0.009  0.037  0.009  0.003  0.046  0.009  0.003  0.046  0.009  0.037
  0.006  0.111  0.006  0.028  0.006  0.024  0.002  0.003  1.000  1.000
  0.019  0.008  0.096  0.002  0.002  0.067  0.029  0.014  0.010  0.006
  0.010  0.014  0.010  0.019  0.285  0.010  0.029  0.005  0.172  0.002
  0.002  0.002  0.002  0.014  0.048  0.115  0.002  0.002  0.002  0.002
  1.000  1.000  1.000  0.005  0.000  0.000  1.000  0.400  0.400  0.060
  0.080  0.060  0.001  0.001  0.001  0.010  0.001  0.001  0.025  0.001
  0.001  0.001  0.001  0.010  0.001  0.001  0.001  0.001  0.001  0.002
  0.010  0.001  0.001  0.015  0.001  0.001  0.030  1.000  0.240  0.010
  0.580  0.015  0.001  0.480  0.002  0.003  0.001  0.002  0.050  0.010
  0.002  0.001  0.003  0.001  0.001  0.001  0.030  0.030  0.002  0.001
  0.010  0.002  0.010  0.010  0.100  0.060  0.060  0.060  0.060  0.030
  0.001  0.001  0.001  0.001  0.002  0.001  0.001  0.001  0.001  0.001 
  1.000  1.000  1.000  1.000  1.000  1.000  1.000  1.000  0.010  0.042
  0.031  0.042  0.042  0.042  0.042  0.062  0.104  0.146  0.008  0.004
  0.010  0.042  0.010  0.004  0.042  0.010  0.004  0.042  0.010  0.042
  0.006  0.125  0.006  0.031  0.006  0.027  0.002  0.002  1.000  1.000
  0.022  0.011  0.098  0.005  0.005  0.077  0.033  0.016  0.011  0.005
  0.011  0.016  0.011  0.022  0.224  0.011  0.033  0.005  0.164  0.005
  0.005  0.005  0.005  0.016  0.055  0.109  0.005  0.005  0.005  0.005
  1.000  1.000  1.000  0.005  0.000  0.000  1.000  0.250  0.250  0.150
  0.200  0.150  0.001  0.001  0.001  0.010  0.001  0.001  0.025  0.001
  0.001  0.001  0.001  0.010  0.001  0.001  0.001  0.001  0.001  0.002
  0.010  0.001  0.001  0.015  0.001  0.001  0.030  1.000  0.240  0.010
  0.580  0.015  0.001  0.480  0.002  0.003  0.001  0.002  0.050  0.010
  0.002  0.001  0.003  0.001  0.001  0.001  0.030  0.030  0.002  0.001
  0.010  0.002  0.010  0.010  0.100  0.060  0.060  0.060  0.060  0.030
  0.001  0.001  0.001  0.001  0.002  0.001  0.001  0.001  0.001  0.001 
  1.000  1.000  1.000  1.000  1.000  1.000  1.000  1.000  0.010  0.042
  0.031  0.042  0.042  0.042  0.042  0.062  0.104  0.146  0.008  0.004
  0.010  0.042  0.010  0.004  0.042  0.010  0.004  0.042  0.010  0.042
  0.006  0.125  0.006  0.031  0.006  0.027  0.002  0.002  1.000  1.000
  0.022  0.011  0.098  0.005  0.005  0.077  0.033  0.016  0.011  0.005
  0.011  0.016  0.011  0.022  0.224  0.011  0.033  0.005  0.164  0.005
  0.005  0.005  0.005  0.016  0.055  0.109  0.005  0.005  0.005  0.005
  1.000  1.000  1.000  0.005  0.000  0.000  1.000  0.250  0.250  0.150
  0.200  0.150  0.001  0.001  0.001  0.010  0.001  0.001  0.025  0.001
  0.001  0.001  0.001  0.010  0.001  0.001  0.001  0.001  0.001  0.002
  0.010  0.001  0.001  0.015  0.001  0.001  0.030  1.000  0.240  0.010
  0.580  0.015  0.001  0.480  0.002  0.003  0.001  0.002  0.050  0.010
  0.002  0.001  0.003  0.001  0.001  0.001  0.030  0.030  0.002  0.001
  0.010  0.002  0.010  0.010  0.100  0.060  0.060  0.060  0.060  0.030
  0.001  0.001  0.001  0.001  0.002  0.001  0.001  0.001  0.001  0.001 
  1.000  1.000  1.000  1.000  1.000  1.000  1.000  1.000  0.010  0.042
  0.031  0.042  0.042  0.042  0.042  0.062  0.104  0.146  0.008  0.004
  0.010  0.042  0.010  0.004  0.042  0.010  0.004  0.042  0.010  0.042
  0.006  0.125  0.006  0.031  0.006  0.027  0.002  0.002  1.000  1.000
  0.022  0.011  0.098  0.005  0.005  0.077  0.033  0.016  0.011  0.005
  0.011  0.016  0.011  0.022  0.224  0.011  0.033  0.005  0.164  0.005
  0.005  0.005  0.005  0.016  0.055  0.109  0.005  0.005  0.005  0.005
  1.000  1.000  1.000  0.005  0.000  0.000  1.000  0.250  0.250  0.150
  0.200  0.150  0.001  0.001  0.001  0.010  0.001  0.001  0.025  0.001
  0.001  0.001  0.001  0.010  0.001  0.001  0.001  0.001  0.001  0.002
  0.010  0.001  0.001  0.015  0.001  0.001  0.030  1.000  0.240  0.010
  0.580  0.015  0.001  0.480  0.002  0.003  0.001  0.002  0.050  0.010
  0.002  0.001  0.003  0.001  0.001  0.001  0.030  0.030  0.002  0.001
  0.010  0.002  0.010  0.010  0.100  0.060  0.060  0.060  0.060  0.030
  0.001  0.001  0.001  0.001  0.002  0.001  0.001  0.001  0.001  0.001 
  1.000  1.000  1.000  1.000  1.000  1.000  1.000  1.000  0.010  0.042
  0.031  0.042  0.042  0.042  0.042  0.062  0.104  0.146  0.008  0.004
  0.010  0.042  0.010  0.004  0.042  0.010  0.004  0.042  0.010  0.042
  0.006  0.125  0.006  0.031  0.006  0.027  0.002  0.002  1.000  1.000
  0.022  0.011  0.098  0.005  0.005  0.077  0.033  0.016  0.011  0.005
  0.011  0.016  0.011  0.022  0.224  0.011  0.033  0.005  0.164  0.005
  0.005  0.005  0.005  0.016  0.055  0.109  0.005  0.005  0.005  0.005
  1.000  1.000  1.000  0.005  0.000  0.000  1.000  0.250  0.250  0.150
  0.200  0.150  0.001  0.001  0.001  0.010  0.001  0.001  0.025  0.001
  0.001  0.001  0.001  0.010  0.001  0.001  0.001  0.001  0.001  0.002
  0.010  0.001  0.001  0.015  0.001  0.001  0.030  1.000  0.240  0.010
  0.580  0.015  0.001  0.480  0.002  0.003  0.001  0.002  0.050  0.010
  0.002  0.001  0.003  0.001  0.001  0.001  0.030  0.030  0.002  0.001
  0.010  0.002  0.010  0.010  0.100  0.060  0.060  0.060  0.060  0.030
  0.001  0.001  0.001  0.001  0.002  0.001  0.001  0.001  0.001  0.001 
  1.000  1.000  1.000  1.000  1.000  1.000  1.000  1.000  0.010  0.042
  0.031  0.042  0.042  0.042  0.042  0.062  0.104  0.146  0.008  0.004
  0.010  0.042  0.010  0.004  0.042  0.010  0.004  0.042  0.010  0.042
  0.006  0.125  0.006  0.031  0.006  0.027  0.002  0.002  1.000  1.000
  0.022  0.011  0.098  0.005  0.005  0.077  0.033  0.016  0.011  0.005
  0.011  0.016  0.011  0.022  0.224  0.011  0.033  0.005  0.164  0.005
  0.005  0.005  0.005  0.016  0.055  0.109  0.005  0.005  0.005  0.005
  1.000  1.000  1.000  0.005  0.000  0.000  1.000  0.250  0.250  0.150
  0.200  0.150  0.001  0.001  0.001  0.010  0.001  0.001  0.025  0.001
  0.001  0.001  0.001  0.010  0.001  0.001  0.001  0.001  0.001  0.002
  0.010  0.001  0.001  0.015  0.001  0.001  0.030  1.000  0.240  0.010
  0.580  0.015  0.001  0.480  0.002  0.003  0.001  0.002  0.050  0.010
  0.002  0.001  0.003  0.001  0.001  0.001  0.030  0.030  0.002  0.001
  0.010  0.002  0.010  0.010  0.100  0.060  0.060  0.060  0.060  0.030
  0.001  0.001  0.001  0.001  0.002  0.001  0.001  0.001  0.001  0.001 