       12944.119       6433.8546       4379.3582       3492.5185       2271.7179
       12080.140       7942.8649       5812.4728       4685.4656       2943.7584
       9752.0248       7698.9453       6190.9078       5232.5196       3463.6922
       7815.1035       6881.5814       5939.7710       5240.8155       3712.1293
       6381.1806       6007.0414       5453.0453       4977.1134       3753.4294
       5327.0508       5229.1648       4920.2950       4609.0307       3667.9274
       4538.2999       4575.5061       4417.4405       4220.9946       3514.1453
       3934.4021       4035.5210       3969.2444       3850.9578       3328.9111
       3461.4307       3590.1139       3579.2604       3513.6027       3133.8881
       3083.2457       3220.8385       3243.0249       3212.5874       2941.2037
