  600  70  70  100  160  70  300  500  180  40  80  120  700  900  240  600  2  500  300  140 
  3000  70  70  100  160  70  300  500  180  40  80  120  60  900  240  600  2  500  300  140 
  1  60  40  130  80  60  200  510  170  40  80  120  0.01  900  240  600  2  500  300  140 
  7000  80  80  80  40  150  120  600  150  60  60  120  0.01  500  240  600  2  500  300  140 
  10000  30  50  80  30  120  130  400  150  40  40  100  0.01  900  240  600  2  500  300  140 
  7000  80  80  80  40  150  120  600  150  60  60  120  0.01  500  240  600  2  500  300  140 
  10000  30  50  80  30  120  130  400  150  40  40  100  0.01  900  240  600  2  500  300  140 
  11000  30  50  80  30  120  130  400  150  40  40  100  0.01  900  240  600  2  500  300  140 
  2000  30  50  60  30  90  100  200  110  40  50  100  2  900  240  600  2  500  300  140 
  4000  50  70  100  100  150  150  300  200  40  50  100  0.01  900  240  600  2  500  300  140 
  4000  30  50  60  30  90  100  200  110  40  50  100  0.01  900  240  600  2  500  300  140 
  1600  0.3  0.7  0.7  0.3  2  1.5  2  5  3  1  2  0.01  500  80  600  27  80  300  140 
  800  0.3  0.7  0.7  0.3  2  1.5  2  5  3  1  2  0.01  500  80  600  27  80  300  140 
  200  0.3  0.7  0.7  0.3  2  1.5  2  5  3  1  2  0.01  500  80  600  27  80  300  140 
  1  0.3  0.7  0.7  0.3  2  1.5  2  5  4  4  2  0.01  900  80  600  68  80  300  140 
  50  0.3  0.7  0.7  0.3  2  1.5  2  5  4  2  2  0.01  900  80  600  40  80  300 140 