      0.26095870      0.16805845      0.11411468     0.084590271     0.044705052
      0.37552211      0.31235052      0.26288498      0.22723692      0.15907564
      0.42218538      0.37655578      0.33936407      0.31021563      0.24590552
      0.44772436      0.41112547      0.38221692      0.35871057      0.30253519
      0.46439839      0.43257364      0.40912325      0.38977758      0.34089783
      0.47662549      0.44730801      0.42751054      0.41122621      0.36834876
      0.48630479      0.45826166      0.44092544      0.42691605      0.38894086
      0.49435487      0.46692815      0.45124797      0.43894010      0.40499178
      0.50126499      0.47412360      0.45955134      0.44851978      0.41790124
      0.50731964      0.48031742      0.46648131      0.45640804      0.42855786
