   8.3501765902222180e-01   8.1667688915988768e-01   7.3034333789681649e-01   6.7396162506566482e-01   6.0824437835987444e-01   5.7105932077525989e-01   5.4236508417496498e-01   5.1449138127469640e-01   4.8538707638967415e-01   4.6315197368073580e-01   4.4776153142255504e-01
   6.0338912503107189e-01   5.8171398808200592e-01   7.2005189619682541e-01   1.1429960518364755e+00   9.5372535104106024e+00   6.1959208664141663e+00   4.1141724037075278e+00   3.0529235730196058e+00   2.6090332458324097e+00   2.2991599840167076e+00   2.1082825656899642e+00
   6.2573317213793966e-01   1.0893540939606385e+00   1.9477508168917709e+01   1.5720004843241234e+01   7.6241352842374219e+00   4.2327238487595018e+00   3.1377289038960416e+00   2.5609091847023135e+00   2.2337179210179219e+00   1.9604559456534316e+00   1.7989408140162451e+00
   9.6146575281341784e-01   2.4452417634381050e+01   2.2340077032456094e+01   1.3720813519297653e+01   5.1105762996831103e+00   3.4373598441235784e+00   2.8042433152141122e+00   2.2002910758372849e+00   2.0070754721166502e+00   1.7191448459741916e+00   1.5657300047138198e+00
   2.8640887067607625e+00   3.9644677579567656e+01   2.5444678449646734e+01   7.6007917166519654e+00   4.3737490162086630e+00   3.1598065803614355e+00   2.3385770828029040e+00   1.9114792220754862e+00   1.6195904748196868e+00   1.4559733009118467e+00   1.3732448918996187e+00
   3.7983444380132156e+01   3.9766276944909293e+01   2.4251534165231590e+01   6.4520133240659447e+00   3.8352403037971268e+00   2.5920036496524679e+00   1.9283497080695926e+00   1.5807095786025958e+00   1.4137042502299511e+00   1.3160489968929800e+00   1.2594281351985699e+00
   5.1277014774203110e+01   4.2634331036393050e+01   1.4462050750393825e+01   5.5080556281989761e+00   3.2639485599007738e+00   2.0465513929943979e+00   1.5930995931543510e+00   1.3987927948520840e+00   1.2910455949583715e+00   1.2306745907186540e+00   1.1858104238270584e+00
   7.3116100052041674e+01   4.8825379309601630e+01   1.0537288314490796e+01   4.8737843595405392e+00   2.3876919419536287e+00   1.6581409797253381e+00   1.3998671182423128e+00   1.2811724084482583e+00   1.2140083955627179e+00   1.1677069381071945e+00   1.1400940525719621e+00
   9.7022839586999623e+01   5.2136763664022112e+01   8.9639291933887364e+00   3.5616623874535427e+00   1.7876756603716104e+00   1.4361777452709905e+00   1.2829024409230461e+00   1.2047377390675569e+00   1.1540882358930580e+00   1.1253641307311804e+00   1.1032525840278715e+00
   7.9048285906918295e+01   5.5148491919912459e+01   7.6910139572466267e+00   2.0822381060579476e+00   1.4712957044683481e+00   1.2844621366512063e+00   1.1957689549749966e+00   1.1480104810233986e+00   1.1150971105347405e+00   1.0925415579344695e+00   1.0742226036338112e+00
   1.1602889688510908e+02   4.0579558409124118e+01   6.0406751832091032e+00   1.5720248863861386e+00   1.2701918925865112e+00   1.1761936886021880e+00   1.1291411019598145e+00   1.1042651419817844e+00   1.0849184861554189e+00   1.0675794271050512e+00   1.0525038585211575e+00
   1.2794752436938566e+02   2.3190688519861823e+01   1.7937065278371760e+00   1.2419803213143257e+00   1.1285081337177378e+00   1.0975511227586852e+00   1.0806491826879268e+00   1.0696895275566796e+00   1.0585231330638190e+00   1.0458473541411180e+00   1.0338756582235473e+00
   1.4050296164092737e+02   1.6696490071615109e+01   1.1417541726071989e+00   1.0128228880711942e+00   1.0127282873287569e+00   1.0305527866995470e+00   1.0423457556898288e+00   1.0436452395797930e+00   1.0387528812378064e+00   1.0292195283739543e+00   1.0184374408258763e+00
   1.7098744117034670e+02   8.2759573218384141e-01   7.5502820610070920e-01   8.6859020490093863e-01   9.3915846938495862e-01   9.8220984311675907e-01   1.0096259486899488e+00   1.0224329023770085e+00   1.0222798643869331e+00   1.0149307185165413e+00   1.0052770496171064e+00
   1.9415524251561305e+02   4.3160416384229142e-02   4.9860347955063600e-01   7.4651867203397337e-01   8.7740147878249253e-01   9.5287067244180967e-01   9.8826226177442611e-01   1.0058615924236329e+00   1.0087649151527689e+00   1.0032528716690590e+00   9.9417048488903315e-01
   3.0957157731142343e+02   5.8510508322603873e-03   2.1927926873289533e-01   6.2376953764332099e-01   8.2048417948934782e-01   9.2503817338127692e-01   9.7410601243697781e-01   9.9259989381993541e-01   9.9721664292306855e-01   9.9303036517806553e-01   9.8596663643945537e-01
   1.3410631480727492e-02   5.1616163231678162e-03   2.9669693695432969e-02   5.1546145322660331e-01   7.7149330412778494e-01   8.9877472506007794e-01   9.6036094360721536e-01   9.8447861864482400e-01   9.8938652078033607e-01   9.8577283268196469e-01   9.7741503093634696e-01
   1.2420204451004654e-02   3.9744256075265223e-03   1.4856806547340014e-02   4.2658948890530357e-01   7.2911952842544192e-01   8.7928007571089339e-01   9.4881970083681377e-01   9.7669388858545858e-01   9.8254894254990544e-01   9.7823643472021637e-01   9.6892409083855646e-01
   6.1245024727097103e-03   3.7461564906525009e-03   1.1375129832275538e-02   3.4944268968175690e-01   6.9162143265765197e-01   8.6283080935496614e-01   9.3982975438688077e-01   9.6965339281413310e-01   9.7599585376200149e-01   9.7065593094440783e-01   9.6095708101242372e-01
   1.1360316568094761e-02   3.6963838994980933e-03   8.1192577380633825e-03   2.8775882072430947e-01   6.6361929180814627e-01   8.4671773587641685e-01   9.3181187381795128e-01   9.6248980641051352e-01   9.6938151679842632e-01   9.6294257529090166e-01   9.5276134130184409e-01
   1.0491261228443884e-02   3.6254564076160945e-03   3.8978570705501623e-03   2.3289731174795494e-01   6.4340483023107786e-01   8.3788531447423353e-01   9.2323954521253071e-01   9.5662296565807570e-01   9.6305570064254886e-01   9.5697062004213096e-01   9.4661190845458965e-01
   1.6385866058996425e-02   1.6079174462238768e-03   3.2042633712675433e-03   1.9317432624479683e-01   6.2980135855588015e-01   8.2879624992251710e-01   9.1823342478509207e-01   9.5114525085656787e-01   9.5822596068273502e-01   9.5158258902689075e-01   9.3927550511466840e-01
   2.5658397844785831e-02   2.6516782292782945e-03   3.2591547113931755e-03   1.5996920802051773e-01   6.1764194094244906e-01   8.2558615387229350e-01   9.1493571607425872e-01   9.4679060493621037e-01   9.5266739622783048e-01   9.4492745360874308e-01   9.3350773900611295e-01
   5.2294518495222281e-03   3.9234770512624282e-03   3.0143450670238239e-03   1.3429121701252986e-01   6.0883808618688984e-01   8.2130576228720953e-01   9.1090333718921501e-01   9.4255015487667881e-01   9.4657264021200627e-01   9.3989839560163468e-01   9.2881480943302519e-01
   9.9371400477053463e+07   3.6611375109464259e-03   3.0326403201103094e-03   1.1555777651635860e-01   6.0572023393774377e-01   8.1847354133195793e-01   9.0850202591935492e-01   9.3935317963636955e-01   9.4196454592978029e-01   9.3333309795272790e-01   9.2167479254110707e-01
   1.6862423291336733e+08   3.0932514070848034e-03   2.8326504762716861e-03   1.0386362670239710e-01   6.0130448882289733e-01   8.1628337558481923e-01   9.0484318022607724e-01   9.3484907477421642e-01   9.3801141482198336e-01   9.2892543231505309e-01   9.1660694439999668e-01
   1.7427483315828276e+08   1.5902189984379231e-03   3.0934902733944086e-03   9.5808957236448666e-02   6.0246190699687818e-01   8.1547136772083317e-01   9.0366970386093071e-01   9.3142102800398352e-01   9.3425529612395763e-01   9.2480327820199693e-01   9.1173530489979715e-01
   1.7907634202633154e+08   3.4896308930789967e-03   2.7423482492769770e-03   9.0717196205051018e-02   6.0094065261826501e-01   8.1670999923164256e-01   9.0021885335629914e-01   9.2865571394254454e-01   9.2901711161568734e-01   9.1848609018038263e-01   9.0719465186481640e-01
   1.8588278548310640e+08   4.4937366737827812e-03   2.6053197658732485e-03   9.3360998111819832e-02   6.0407553239708967e-01   8.1804051948128076e-01   8.9860483174196371e-01   9.2561321516184980e-01   9.2602382805822780e-01   9.1451798242716498e-01   9.0257246299725002e-01
   1.9227534094146055e+08   4.1529944976689409e-03   2.6532486995009220e-03   9.4728832061172469e-02   6.0739196401955908e-01   8.1687798188241079e-01   8.9825030305565678e-01   9.2333263051905556e-01   9.2257705200227080e-01   9.1118143547241082e-01   8.9846371778925405e-01
   1.9632324361585602e+08   3.0136924554272585e-03   2.3394000760765341e-03   9.7982339154696840e-02   6.1400961852288916e-01   8.1965296012320454e-01   8.9798159518595666e-01   9.2129002335318322e-01   9.1929115843848197e-01   9.0751085068293436e-01   8.9458144160294650e-01
   8.3501765902222180e-01   8.1667688915988768e-01   7.3034333789681649e-01   6.7396162506566482e-01   6.0824437835987444e-01   5.7105932077525989e-01   5.4236508417496498e-01   5.1449138127469640e-01   4.8538707638967415e-01   4.6315197368073580e-01   4.4776153142255504e-01
   7.7503000503059294e-01   6.0157770837218472e-01   5.6569208925276337e-01   6.4059753699097555e-01   7.6926747503684711e-01   1.5843074803277466e+00   4.1720626185001128e+00   3.4479402556972882e+00   2.8374276835165229e+00   2.5195336841236289e+00   2.2597216339939816e+00
   5.7000616126074810e-01   6.1718387106794059e-01   8.3914372042151242e-01   2.1821793773052973e+00   9.9127610388264422e+00   5.5140164085573034e+00   3.7524497920266722e+00   2.8429309186626428e+00   2.4953603011057641e+00   2.2215528392603430e+00   2.0050408080865090e+00
   5.7298097534481440e-01   9.3505105889413587e-01   1.1088261837870764e+01   1.4485379093585799e+01   7.8426000950238617e+00   4.2851778262842108e+00   3.2025010705922754e+00   2.6754806872561021e+00   2.3052031227424314e+00   2.0429918967587501e+00   1.8481328272214967e+00
   7.3810384405848894e-01   2.2698504980394807e+00   2.2020566471687111e+01   1.4871240806268624e+01   5.8335675113446204e+00   3.9681783445062369e+00   2.9609691811616083e+00   2.4515370760784387e+00   2.0304896512179829e+00   1.9221062085740659e+00   1.7479948291876468e+00
   9.9870784887223385e-01   2.5419868941198366e+01   2.3372281740568077e+01   1.3973185382560199e+01   5.2539744170457894e+00   3.4511863074986109e+00   2.7828452076865005e+00   2.1881560538683660e+00   1.9786746417361769e+00   1.7065876307754761e+00   1.5540083295554834e+00
   1.8250814357821801e+00   3.4004006242746897e+01   2.4375333716822610e+01   9.3435011724298249e+00   4.4701016944584389e+00   3.2184420530008970e+00   2.4487502516666457e+00   2.0930277458661180e+00   1.7312579872811544e+00   1.5394925515611930e+00   1.4239757137332392e+00
   2.0130869825285245e+01   4.2568453907740931e+01   2.8274898486947038e+01   7.6267764267198759e+00   4.2715563330260338e+00   3.0607378823145854e+00   2.3053609214166078e+00   1.8048906144022903e+00   1.5562814923265029e+00   1.4239819202884836e+00   1.3327207038821614e+00
   3.3112495105878949e+01   3.7896148339497586e+01   2.5074785241286058e+01   6.8081239643029940e+00   3.8789349054982130e+00   2.6621261595768808e+00   1.9698772533595847e+00   1.6183929720643122e+00   1.4397193037548426e+00   1.3347932998152157e+00   1.2680353350162969e+00
   4.4008100909396433e+01   4.2421826849693716e+01   1.9160145788758484e+01   5.9195797263618379e+00   3.6789893803537348e+00   2.3741706927006567e+00   1.7500151077764101e+00   1.4784998534790237e+00   1.3522677381056685e+00   1.2708393956898409e+00   1.2200085914268639e+00
   5.2637670597322987e+01   4.0581634772147709e+01   1.5202855999026390e+01   5.5870895183064029e+00   3.2065316376886726e+00   2.0199798740663857e+00   1.5724428009304661e+00   1.3833993989009263e+00   1.2833362838835676e+00   1.2236902065181336e+00   1.1806226760317799e+00
   6.8883677626558523e+01   4.6971859508115301e+01   1.2131366814279501e+01   4.9136542974266808e+00   2.6940553199237964e+00   1.7494105779716789e+00   1.4484005581598960e+00   1.3123039932914766e+00   1.2362404108241853e+00   1.1848949034254050e+00   1.1512424934381336e+00
   8.1977549136960590e+01   5.3084608790541125e+01   9.9365087483190777e+00   4.7951341313757254e+00   2.1200538167300049e+00   1.5644645555184795e+00   1.3556548309889553e+00   1.2497339302704806e+00   1.1912304282777337e+00   1.1530315337671884e+00   1.1245092575746605e+00
   9.7654759127563068e+01   5.3889630763842334e+01   9.3069673335490783e+00   3.7318945991201637e+00   1.8043393648359547e+00   1.4451981497103299e+00   1.2888731081927103e+00   1.2088736736635255e+00   1.1612292791126784e+00   1.1284366667273704e+00   1.1048047140706139e+00
   9.0102652948556567e+01   5.2502965148913262e+01   7.7861039384498234e+00   2.5350656215775089e+00   1.5958290276426270e+00   1.3396268947015839e+00   1.2331586667863941e+00   1.1711467124075674e+00   1.1325031904532521e+00   1.1078095697319799e+00   1.0855495072354711e+00
   7.8073870031655744e+01   5.5606791036742095e+01   7.2718086315657944e+00   1.9570174810994110e+00   1.4327913697471200e+00   1.2559512754869102e+00   1.1821939303489648e+00   1.1384352285086377e+00   1.1098177725795038e+00   1.0881622027105040e+00   1.0707978303159638e+00
   1.0738360645921023e+02   3.6004812234049204e+01   6.5806844718488033e+00   1.6668215493151293e+00   1.3111639292395481e+00   1.1953258522349848e+00   1.1422652255417298e+00   1.1129365459506602e+00   1.0905189598908349e+00   1.0727827678460675e+00   1.0572768585265564e+00
   9.8683267782473592e+01   2.5331758060537851e+01   2.5912253078090908e+00   1.4041615575730528e+00   1.2113402009649574e+00   1.1440089307742776e+00   1.1090340163992591e+00   1.0894263025668458e+00   1.0751713835780601e+00   1.0578192723594886e+00   1.0444652201787838e+00
   1.2010148183645103e+02   2.3550601907076185e+01   1.8217316895000140e+00   1.2449706397121221e+00   1.1301666473375762e+00   1.0984595194312479e+00   1.0812304278163543e+00   1.0701050275790065e+00   1.0587947651289533e+00   1.0460796630592204e+00   1.0341104250956210e+00
   1.3890502535952510e+02   1.7906720217089894e+01   1.3615448708790518e+00   1.0942460958809321e+00   1.0546565443097389e+00   1.0559481832110573e+00   1.0568572011797426e+00   1.0537523717611468e+00   1.0459826294992955e+00   1.0353574056395858e+00   1.0247438085708636e+00
   1.3821203052342986e+02   2.5025496105294129e+00   1.0365363266409151e+00   9.7849978349820321e-01   9.9525813111991801e-01   1.0201132874448966e+00   1.0353584242202856e+00   1.0388049165725817e+00   1.0350003665304026e+00   1.0258891756485415e+00   1.0158950815617251e+00
   1.8167934918121915e+02   1.0192779623718269e+00   7.9680118205514350e-01   8.8556839959303113e-01   9.4904041147668472e-01   9.8919237513002656e-01   1.0157818080771976e+00   1.0261921415361708e+00   1.0252468989183390e+00   1.0171214517396769e+00   1.0077225100160976e+00
   2.1703215942008228e+02   3.4434722744163915e-01   6.4733005097113483e-01   8.1826923641375648e-01   9.1281619953350768e-01   9.6943893640863643e-01   9.9975557137147897e-01   1.0146637011619037e+00   1.0161145533701088e+00   1.0094218160392658e+00   9.9984024751911815e-01
   2.1708801282327312e+02   3.9045021664417312e-02   4.8919287463141803e-01   7.4116185591280259e-01   8.7548063251793340e-01   9.5195144977549795e-01   9.8767591884527828e-01   1.0052160608580789e+00   1.0083329510804657e+00   1.0026927595164064e+00   9.9389119928516978e-01
   2.3373623423449715e+02   1.0897691361328319e-02   3.1009737769149609e-01   6.6212361737039105e-01   8.4326172350135520e-01   9.3304455350720028e-01   9.7927542915171861e-01   9.9672568259153094e-01   1.0010883651687532e+00   9.9573619512455103e-01   9.8913480793282171e-01
   6.2084549055541167e+00   6.2561703436050074e-03   1.4822642931553776e-01   5.9460130325171756e-01   8.0787149043747619e-01   9.1884471428725534e-01   9.7076806763763013e-01   9.9021607673575640e-01   9.9463993832757513e-01   9.9133708604290116e-01   9.8415438471683980e-01
   1.0935029514288503e-02   4.7376412600276703e-03   3.2686432872423121e-02   5.2903914520124240e-01   7.7704095639851367e-01   9.0205405365235625e-01   9.6334557028341394e-01   9.8564962311684545e-01   9.9040597041143630e-01   9.8711502188343636e-01   9.7909949102668381e-01
   1.5710093824904695e-02   3.2864407196014304e-03   2.0936367112030480e-02   4.7254999669468356e-01   7.4989326369823384e-01   8.8796014995675909e-01   9.5487160870001242e-01   9.8117398884240148e-01   9.8641299603647548e-01   9.8228453025614160e-01   9.7398565219474476e-01
   1.0845197725378165e-02   2.3772449566487851e-03   1.6114116369524624e-02   4.2066319651930462e-01   7.2543285298367088e-01   8.7776333859103117e-01   9.4808413836540906e-01   9.7599138381354378e-01   9.8204102763878320e-01   9.7764300814134109e-01   9.6834896315023711e-01
   9.3357244176878011e-03   3.3576153175498141e-03   1.2829795352494323e-02   3.7039207039757482e-01   7.0653431967756974e-01   8.6690965346992865e-01   9.4132496592133863e-01   9.7166251862921371e-01   9.7780639799676849e-01   9.7372727734246034e-01   9.6405958337970621e-01
   4.1096975560131754e-03   2.4003404601092336e-03   1.2025074016853331e-02   3.2927951186098015e-01   6.8502552149171836e-01   8.5427842124992104e-01   9.3702767965171896e-01   9.6767650270358296e-01   9.7341301207931408e-01   9.6836957556516545e-01   9.5896546319491449e-01
   8.3501765902222180e-01   8.1667688915988768e-01   7.3034333789681649e-01   6.7396162506566482e-01   6.0824437835987444e-01   5.7105932077525989e-01   5.4236508417496498e-01   5.1449138127469640e-01   4.8538707638967415e-01   4.6315197368073580e-01   4.4776153142255504e-01
   8.2291268262835116e-01   6.9963349028656907e-01   5.8364292414922758e-01   5.5565856004550374e-01   6.1545848389612701e-01   7.1261695319947505e-01   1.1221850122857002e+00   3.6125525180592315e+00   3.0090587524212813e+00   2.6926857258682801e+00   2.3457165277028409e+00
   6.9033941210459027e-01   5.6509255917710743e-01   6.3159487092250921e-01   7.9884205861520297e-01   1.7294474162329223e+00   6.4911084205973069e+00   4.1224255800085476e+00   3.1786191942737547e+00   2.6740370687421064e+00   2.2769218595612610e+00   2.1847498821245104e+00
   5.5367829818101311e-01   6.2774544308509372e-01   8.8365296156404605e-01   8.9430993176268814e+00   1.1127165580360266e+01   5.5936611855373766e+00   3.4908403575770404e+00   2.9040348230726210e+00   2.5029675810291776e+00   2.1614050883305209e+00   2.0365052887060342e+00
   5.6654736554688867e-01   8.0807298994995169e-01   2.0594990764602792e+00   1.4084196363560718e+01   8.6232118705284044e+00   4.7080196369217671e+00   3.3346461042541140e+00   2.6531503289491085e+00   2.2652702482970692e+00   2.0871192671405643e+00   1.8946443862685391e+00
   6.4554078305867058e-01   1.2336527491206133e+00   1.9487518975385022e+01   1.4276268774641325e+01   7.1255348926135138e+00   4.2116299020393644e+00   3.0615744811929657e+00   2.4778801336427634e+00   2.1920639910863589e+00   1.9235607740060763e+00   1.8283054558807326e+00
   7.7029586300582931e-01   2.5026608532750680e+00   2.5416028415091070e+01   1.4392666395742339e+01   6.1001179967362278e+00   3.7368115793903094e+00   2.9029403128743807e+00   2.4337092216382903e+00   2.0193327718484557e+00   1.8896889771801790e+00   1.7288869830929123e+00
   9.3480356771578565e-01   2.3808984854470481e+01   2.2366366319652073e+01   1.4182780002941492e+01   5.2028976031644749e+00   3.5230793399619857e+00   2.8408576594019790e+00   2.2333534018910299e+00   2.0286962740797341e+00   1.7401869189930370e+00   1.5763653769351018e+00
   1.3364287271422011e+00   3.3562471981482759e+01   2.2042173965967400e+01   9.8966984664790125e+00   4.9564574011010141e+00   3.3907565533105894e+00   2.6281653929042665e+00   2.1670843762905463e+00   1.8438833121507936e+00   1.6151001256182418e+00   1.4799815336455797e+00
   2.1221034720379155e+00   4.2526296383706310e+01   2.5145844600832987e+01   8.4786798258470171e+00   4.6447040498215841e+00   3.2566198165805100e+00   2.4309072118843136e+00   2.0091567530637944e+00   1.6829972843113938e+00   1.5013499313157086e+00   1.4097839904368876e+00
   4.3557930197124231e+00   4.7600342803976929e+01   2.5823371189922184e+01   7.6252537060808443e+00   4.2074445713906155e+00   3.1020399069759863e+00   2.3251397962287750e+00   1.8238948969668507e+00   1.5669689418953008e+00   1.4330274787752084e+00   1.3403705572680256e+00
   2.7115961316638966e+01   3.7485517873804184e+01   2.5125862603969402e+01   6.9058508722518397e+00   4.0862820221180636e+00   2.7920329819497400e+00   2.1257022541628481e+00   1.6789071409584970e+00   1.4818042542789540e+00   1.3599918551844068e+00   1.2950407102006896e+00
   3.4724179494804559e+01   4.4592632525679292e+01   2.4982730906524822e+01   6.3627689510462613e+00   3.8629433458445899e+00   2.5947075676348810e+00   1.8842530476750126e+00   1.5705884899158766e+00   1.4096700603685410e+00   1.3110992874173919e+00   1.2553928769602405e+00
   4.6834480112654063e+01   3.9869586400346208e+01   2.0125346044407358e+01   6.0081144742375212e+00   3.6934998699493029e+00   2.3802216689025011e+00   1.7537954737015211e+00   1.4806462909499851e+00   1.3542999829732421e+00   1.2725652164124290e+00   1.2214688019470723e+00
   4.6217394645525729e+01   4.1146539028889492e+01   1.5764458852985804e+01   5.4133183645134473e+00   3.3568189283008625e+00   2.1270200432797735e+00   1.6100638148784032e+00   1.4171154330887048e+00   1.2999621163866335e+00   1.2372769732706939e+00   1.1907402456037466e+00
   5.7004656218769341e+01   5.0479549251562645e+01   1.2546527366650279e+01   5.3886604472127200e+00   2.9881612664576123e+00   1.8991745911483799e+00   1.5270426825226844e+00   1.3573202491918193e+00   1.2620199142687700e+00   1.2066574335247653e+00   1.1706783444365922e+00
   6.5488534438265333e+01   4.6430063661164453e+01   1.1813033263176191e+01   4.8855410507413932e+00   2.6866933364323087e+00   1.7441593343720498e+00   1.4459065443670989e+00   1.3101336646508837e+00   1.2352384719803644e+00   1.1838202025423161e+00   1.1503499678206537e+00
   7.0367753417994493e+01   4.8755653648704794e+01   1.0712963115229709e+01   4.9417841457029787e+00   2.2869609502177264e+00   1.6097419637269546e+00   1.3844328692135028e+00   1.2680544699090677e+00   1.2049119230563570e+00   1.1604045805378602e+00   1.1342683298434524e+00
   8.9476554786705378e+01   5.3342429202821535e+01   8.9120434294865092e+00   4.2851256409516818e+00   1.9928110953515701e+00   1.4999983188592303e+00   1.3277406149942621e+00   1.2333239643290150e+00   1.1782153947342913e+00   1.1414781590697072e+00   1.1162225082917119e+00
   9.9882869496772457e+01   5.6817120284055875e+01   8.9746579392225065e+00   3.5632662061849865e+00   1.7882628405902838e+00   1.4365696703567408e+00   1.2831478167456414e+00   1.2048891467993488e+00   1.1542136148816740e+00   1.1253441811985638e+00   1.1033343465292722e+00
   9.9424615961950337e+01   5.5247630819192324e+01   7.7688329227827388e+00   2.7384910952711299e+00   1.6301735334257881e+00   1.3649012403373044e+00   1.2426125384825686e+00   1.1779112400612908e+00   1.1365232573747708e+00   1.1114987504220306e+00   1.0891275609777422e+00
   8.3558854185458429e+01   4.9168132096580024e+01   8.0918381796000958e+00   2.2215341809925269e+00   1.5107572409870094e+00   1.2995856527750029e+00   1.2070343394899832e+00   1.1560509983799645e+00   1.1212614526799392e+00   1.0971345714120595e+00   1.0784435672957682e+00
   8.4810225818296090e+01   5.6643726076944887e+01   7.3060468688302951e+00   1.9013642231423531e+00   1.4115957811109994e+00   1.2492559609532343e+00   1.1746308454893339e+00   1.1335687682259503e+00   1.1064069979432105e+00   1.0852600634746778e+00   1.0684060988444359e+00
   9.3792215955316237e+01   3.3699232554150321e+01   6.5673682691186999e+00   1.7079026584747148e+00   1.3219894075001037e+00   1.2022609250252305e+00   1.1471849286642732e+00   1.1164054116434232e+00   1.0939582116857747e+00   1.0748442113135375e+00   1.0590545255440755e+00
   1.0990332429491906e+02   3.2941538990049416e+01   3.5962482524013182e+00   1.5207737925447420e+00   1.2517359923002336e+00   1.1657578453201731e+00   1.1237752510805799e+00   1.0981875126388938e+00   1.0820895818769243e+00   1.0651701926392096e+00   1.0492756593205366e+00
   1.1374797061885988e+02   2.5231152270297528e+01   2.3731457455224580e+00   1.3656860840981959e+00   1.1924978927501151e+00   1.1326571303763038e+00   1.1014907170540591e+00   1.0842265323267748e+00   1.0692997351124907e+00   1.0550607891556365e+00   1.0418242361605099e+00
   1.1311972826808814e+02   2.3926159162276228e+01   1.8402329810861406e+00   1.2559207770212852e+00   1.1361379503333529e+00   1.1015564823853841e+00   1.0831519249946451e+00   1.0714677635391663e+00   1.0597332775975803e+00   1.0466787454978397e+00   1.0346577185982597e+00
   1.2629004697202846e+02   1.8707215235801279e+01   1.5053366666886681e+00   1.1529445527045774e+00   1.0845957263574857e+00   1.0722890836163674e+00   1.0657014713996944e+00   1.0594785580817923e+00   1.0505242462770301e+00   1.0392702026852350e+00   1.0279826876110005e+00
   1.3089960198605951e+02   1.7134346134114736e+01   1.2325297379205906e+00   1.0586194720996667e+00   1.0371659340444446e+00   1.0432466497006403e+00   1.0498508580658275e+00   1.0490357182232846e+00   1.0427774471198916e+00   1.0324881012091160e+00   1.0216886235189038e+00
   1.4349288124090197e+02   2.5051029082858833e+00   1.0371662449853529e+00   9.7858723339550124e-01   9.9535415842947894e-01   1.0201995811726534e+00   1.0354052460652150e+00   1.0388413555560234e+00   1.0350251707239118e+00   1.0259126289204044e+00   1.0159161297641084e+00
   1.6567836421614442e+02   1.3065821749063060e+00   8.5880913703156203e-01   9.0779310647874623e-01   9.6070132915053552e-01   9.9814872463784299e-01   1.0221378011730620e+00   1.0292766527720567e+00   1.0280413227382927e+00   1.0198361207930726e+00   1.0101136174212315e+00
   8.3501765902222180e-01   8.1667688915988768e-01   7.3034333789681649e-01   6.7396162506566482e-01   6.0824437835987444e-01   5.7105932077525989e-01   5.4236508417496498e-01   5.1449138127469640e-01   4.8538707638967415e-01   4.6315197368073580e-01   4.4776153142255504e-01
   8.6457525129507484e-01   7.2894661653109494e-01   6.4294447292515700e-01   5.6142952373954813e-01   5.5204852253889303e-01   5.9831975747632837e-01   6.5418096891595501e-01   9.1735911271178572e-01   2.8194525528949006e+00   2.6109542273328117e+00   2.4282143448801587e+00
   7.7428207540203542e-01   6.1239281842577586e-01   5.6127658146363557e-01   6.3377208198204249e-01   7.8076614130907718e-01   1.5764842423960523e+00   4.4313689876193374e+00   3.6447153431805024e+00   2.8160383634388388e+00   2.4414331170346708e+00   2.2374668517572749e+00
   6.5237070150985821e-01   5.5633302948583130e-01   6.5100115421576998e-01   8.4409669228592910e-01   8.1344940701175226e+00   6.7513196835526799e+00   4.1597527771186371e+00   3.0935134271345843e+00   2.6710069979383713e+00   2.3306079488491491e+00   2.1372048189510924e+00
   5.7281928194928167e-01   6.1573737795984340e-01   8.3635569633393625e-01   2.0451334220044970e+00   9.9651410225066286e+00   5.6901091745863477e+00   3.6675274382633711e+00   2.8281411359633704e+00   2.4593444396519955e+00   2.2424606889178067e+00   2.0018608541559777e+00
   5.6748430811289274e-01   7.3715748678003612e-01   1.3799667297628790e+00   1.5844959365180792e+01   9.5791914691993796e+00   4.9838389132604766e+00   3.4594944537158416e+00   2.7056441514718985e+00   2.3551197714634222e+00   2.1794262310693933e+00   1.9724200011701822e+00
   5.7261136027179316e-01   9.0980114025258318e-01   1.1752810427408335e+01   1.4634193509095745e+01   8.1395380904966128e+00   4.3110773799821995e+00   3.2620602617577150e+00   2.6760007967312847e+00   2.3220141578228484e+00   2.0624810318060556e+00   1.8460559109249495e+00
   6.4565320246274682e-01   1.2373866596283234e+00   2.0313067345869165e+01   1.5306761146448430e+01   7.0772574352067394e+00   4.1908748443316357e+00   3.0548934828985779e+00   2.4760542920008883e+00   2.1903927510448549e+00   1.9168047536056247e+00   1.8295606579947370e+00
   7.2230875741677059e-01   2.1660866105607739e+00   2.2457951927256573e+01   1.5613866389504842e+01   6.0615686917999696e+00   3.9212552810005485e+00   2.9886139238323426e+00   2.4835213279925883e+00   2.0784951319402047e+00   1.9158000322405038e+00   1.7583954694517776e+00
   8.4310109242120768e-01   1.6325275505003987e+01   2.1529715244285960e+01   1.5180718777149067e+01   5.4690374797352117e+00   3.7361922293173082e+00   2.7977416772587751e+00   2.3189925684228254e+00   1.9974801031520957e+00   1.8367574286199999e+00   1.6510651942567649e+00
   9.6556702765630087e-01   2.5939335354486559e+01   2.1410077527795735e+01   1.2803453839230048e+01   5.1141767337351656e+00   3.4111103440376334e+00   2.8148085699198910e+00   2.1906076959589456e+00   2.0039800106569050e+00   1.7167107875860192e+00   1.5639765210102927e+00
   1.3034096528767902e+00   2.9714108832079077e+01   2.2189833940901060e+01   1.0270519403783627e+01   4.8345028438082220e+00   3.4529380575564064e+00   2.6676056863798658e+00   2.1532463223039846e+00   1.8577919795494380e+00   1.6285892966900408e+00   1.4896234892274998e+00
   1.7126489639536213e+00   3.2387070954343741e+01   2.5183562567945131e+01   9.6972127015891871e+00   4.5687529252173373e+00   3.1831403782088286e+00   2.4766307667226686e+00   2.1056696024524246e+00   1.7428998135438032e+00   1.5482132978119874e+00   1.4325338945646227e+00
   2.5260937974679711e+00   3.8862285924442403e+01   2.6154739538274868e+01   8.1754587613369019e+00   4.4074108755118253e+00   3.2485072610571226e+00   2.3724602651847855e+00   1.9600369526305585e+00   1.6559901347344601e+00   1.4833397888683082e+00   1.3832438398337246e+00
   4.4606097166704632e+00   4.2997790288489128e+01   2.4908186194212867e+01   7.5911446439383639e+00   4.2152184054458264e+00   3.0982011065241251e+00   2.3190616352080111e+00   1.8221041508649345e+00   1.5657381977713594e+00   1.4319851410124378e+00   1.3381642593967840e+00
   2.9519426019426945e+01   4.1596380158889843e+01   2.6012744772320737e+01   7.2487642712071292e+00   4.1347027860977272e+00   2.8565856427677669e+00   2.1683581900950077e+00   1.7267418422971936e+00   1.4976086658774523e+00   1.3824934540424261e+00   1.3038039623647357e+00
   4.0057890132736304e+01   3.8030064987737568e+01   2.5207544597500245e+01   6.6811250511209668e+00   3.8471611421763607e+00   2.7028330000855663e+00   2.0292764162918195e+00   1.6295986031660397e+00   1.4478238108211121e+00   1.3414613534111390e+00   1.2791446058592175e+00
   4.1695157802900809e+01   4.0330602342885754e+01   2.4171797927519506e+01   6.0402671119332076e+00   3.8937463383573707e+00   2.5936350547673448e+00   1.8706150258253347e+00   1.5604254901904508e+00   1.4011009124982952e+00   1.3048810881389521e+00   1.2504285537706461e+00
   4.0723299208411589e+01   4.1203092957379255e+01   1.9537443981426968e+01   6.2598003208446205e+00   3.7144747456826863e+00   2.4615385664808000e+00   1.7642760341781658e+00   1.4974779642630596e+00   1.3585552748279586e+00   1.2766185272436430e+00   1.2248003668223286e+00
   5.1428411263900969e+01   4.4224757937339312e+01   1.6446943652716428e+01   5.6291975237975702e+00   3.5057848771144484e+00   2.2415042562223713e+00   1.6633729312177679e+00   1.4365087546911330e+00   1.3205206248968093e+00   1.2492080833620602e+00   1.2064800493077457e+00
   5.5376874837599104e+01   4.4795446953956947e+01   1.4814276212738459e+01   5.5357200143822407e+00   3.2524549690135638e+00   2.0397165939815345e+00   1.5894562231446023e+00   1.3963815103549972e+00   1.2890451018364675e+00   1.2291582803689369e+00   1.1844992139641297e+00
   5.9745409117889551e+01   4.7984600912949361e+01   1.2498743698819741e+01   5.3795746601116781e+00   2.9788058087905278e+00   1.8931152785533873e+00   1.5250680887731691e+00   1.3560873412330252e+00   1.2613482651732215e+00   1.2059931070197787e+00   1.1701450729597072e+00
   6.4986436228267877e+01   4.6112051495003811e+01   1.2409493370862588e+01   5.0025639178544639e+00   2.8208252516835670e+00   1.7693650310151816e+00   1.4703377104178192e+00   1.3199037190885621e+00   1.2421572387002797e+00   1.1892299733352849e+00   1.1551494468374166e+00
   7.1893841841723003e+01   4.7639660184172833e+01   1.0418245219272777e+01   4.8378007130012488e+00   2.4395592847524719e+00   1.6699821899144780e+00   1.4234570591632658e+00   1.2859908635349440e+00   1.2184764557166345e+00   1.1706031939780357e+00   1.1426510113482182e+00
   8.0226473888915066e+01   4.9786124229618906e+01   1.0302934497436517e+01   4.8886233777697656e+00   2.2282306321113388e+00   1.5957312140365110e+00   1.3656759206679634e+00   1.2625731165293090e+00   1.2006371702561089e+00   1.1566400095809291e+00   1.1315077292144697e+00
   9.3526144641985724e+01   5.4121963617939173e+01   8.8928419604406841e+00   4.3296550737785040e+00   2.0071164050521979e+00   1.5187113258207428e+00   1.3326767048158716e+00   1.2367429787223689e+00   1.1806511883834943e+00   1.1434862163891553e+00   1.1178767757666417e+00
   8.6214353356653135e+01   5.3225192016981680e+01   9.2464602858821650e+00   3.8566916545942389e+00   1.8444983123906900e+00   1.4604950045339291e+00   1.2991644090697010e+00   1.2152632932844023e+00   1.1664079514622272e+00   1.1324344474382440e+00   1.1082989260699561e+00
   9.3621029616902888e+01   5.3612581583075539e+01   8.6128254099153629e+00   3.1993052350151014e+00   1.7390551911118579e+00   1.4112777231064322e+00   1.2709498786395534e+00   1.1967649179528816e+00   1.1483653272406684e+00   1.1211798391084575e+00   1.0995203138519374e+00
   9.5229510412024979e+01   5.4321183246407685e+01   7.7986320030189713e+00   2.7342145761818601e+00   1.6263827913420281e+00   1.3637099734424969e+00   1.2396974662694815e+00   1.1770269969728657e+00   1.1359982979825114e+00   1.1110324948021324e+00   1.0886803373887810e+00
   8.1222556778558328e+01   4.9877633820390400e+01   7.9866869370796962e+00   2.3202071508469975e+00   1.5385354546248409e+00   1.3128441063154368e+00   1.2139521212919209e+00   1.1610528036147878e+00   1.1252123577793141e+00   1.1004751271939490e+00   1.0809006005097936e+00
   7.9453618228615284e+01   5.2490964550918875e+01   7.4554745412736709e+00   2.0710386198639865e+00   1.4664051491026173e+00   1.2739956221475475e+00   1.1931700039825990e+00   1.1462657547739621e+00   1.1138581766294182e+00   1.0914819770125450e+00   1.0735685080413448e+00
   8.3501765902222180e-01   8.1667688915988768e-01   7.3034333789681649e-01   6.7396162506566482e-01   6.0824437835987444e-01   5.7105932077525989e-01   5.4236508417496498e-01   5.1449138127469640e-01   4.8538707638967415e-01   4.6315197368073580e-01   4.4776153142255504e-01
   8.7258231212900395e-01   7.7373818404464090e-01   6.6881333280210820e-01   5.9810260826583517e-01   5.5166343072395851e-01   5.4249681830643426e-01   5.7399626316282126e-01   6.0764587690494476e-01   7.6597515576918873e-01   1.0697525509875887e+00   2.3058180595470699e+00
   8.2214313728127908e-01   6.9386650582753395e-01   5.7694577150974891e-01   5.5965848843017840e-01   6.2455071142139351e-01   7.2295095095328266e-01   1.2239873779379786e+00   3.6059280741123487e+00   2.9785080822950807e+00   2.5844598678251831e+00   2.3470874529820467e+00
   7.7118232987969804e-01   5.7394625190210180e-01   5.6122698737266374e-01   6.6380484817690477e-01   8.1979658910555886e-01   5.3225053796447819e+00   4.3457585398899763e+00   3.4146701299181554e+00   2.7029192188741051e+00   2.4252567710367199e+00   2.2508401873813524e+00
   6.6279857953809351e-01   5.6339027468207992e-01   6.4175447197910818e-01   8.2980330055877427e-01   1.9062810253351796e+00   5.9930756745492513e+00   4.1288763106548423e+00   3.1666291927576165e+00   2.6233561957507381e+00   2.3255210057119693e+00   2.1405541472132228e+00
   5.9396766502749088e-01   5.9282857211946161e-01   7.5648238956590252e-01   1.3620257345279827e+00   1.0608048375827440e+01   5.4093613095515387e+00   3.7575605871130211e+00   3.0551659374581970e+00   2.5566880671821899e+00   2.2238461086232943e+00   2.0710454039659183e+00
   5.5446304743910280e-01   6.3902825181533718e-01   9.0186108961579192e-01   1.0683291074511114e+01   1.0507601264772820e+01   5.4729116815755141e+00   3.5846204844401202e+00   2.8029463764875553e+00   2.4825064767277110e+00   2.1718300785955917e+00   2.0496665935185368e+00
   5.5034180700074598e-01   7.4250303017488872e-01   1.4232786438733400e+00   1.6271721667629127e+01   1.0008456657461704e+01   4.8560435618490931e+00   3.5260835118357114e+00   2.7151767080805889e+00   2.3623970865048225e+00   2.1775850530132685e+00   1.9674031297922694e+00
   5.7454516436511871e-01   8.3702505107398739e-01   2.3287407692760214e+00   1.5006228135851636e+01   9.0006301754651279e+00   4.3475298196727996e+00   3.2428475642758885e+00   2.6120644090730760e+00   2.2543928758888718e+00   2.0753058796417339e+00   1.8747099011201027e+00
   6.1112046165927736e-01   9.9601616716508712e-01   1.5987484527234439e+01   1.4345253304004899e+01   7.9563131437407009e+00   4.2558163294466596e+00   3.0939036417892805e+00   2.6130329380329718e+00   2.2766375079181245e+00   1.9694468910445830e+00   1.8034605083677806e+00
   6.5544064249312706e-01   1.3429554936299217e+00   1.9957860409510936e+01   1.5603562660629169e+01   6.8746615515396758e+00   3.9726839244977921e+00   2.9510951070308735e+00   2.4698455784087558e+00   2.1526428722814330e+00   1.8934554838600155e+00   1.8435657720056877e+00
   7.0499837621227002e-01   1.9235954065482093e+00   2.3445813397403967e+01   1.5402618782552551e+01   6.2728174418249472e+00   3.8805059537667930e+00   3.0460363822159140e+00   2.5135966361781037e+00   2.1009890013247654e+00   1.9045012177167862e+00   1.7697778971043010e+00
   7.9457131526413760e-01   3.3122850323834205e+00   2.2703476968310213e+01   1.5496394386216025e+01   5.9325256012462333e+00   3.6873581904589043e+00   2.8408921337898088e+00   2.3693637240860892e+00   2.0100986190303605e+00   1.8745247321867369e+00   1.7043730601237628e+00
   8.5902231196692580e-01   1.6921999224404445e+01   2.1792155110238674e+01   1.5189907222408415e+01   5.5030360074691664e+00   3.6731986989377283e+00   2.7819691676334153e+00   2.3175478087562658e+00   2.0191202753458466e+00   1.8015951246368818e+00   1.6304048957851331e+00
   9.6316965136216881e-01   2.2073992259994192e+01   2.2541131569806922e+01   1.3175098426475010e+01   5.1673045067523313e+00   3.4362347852808495e+00   2.8159860613046099e+00   2.1825395686051277e+00   1.9999376929737560e+00   1.7141726593336311e+00   1.5602116251363296e+00
   1.2005627619438848e+00   2.8620548693999098e+01   2.5922648201658141e+01   1.2243258817047895e+01   4.7591046682233724e+00   3.4593027969393999e+00   2.6498873596648096e+00   2.1427127165837465e+00   1.8747406309633490e+00   1.6459649068908520e+00   1.5173460228901874e+00
   1.4774206201346551e+00   3.3157712858696229e+01   2.3461005990518004e+01   1.0067291101906068e+01   4.9062874701575749e+00   3.3479755070039108e+00   2.5712303936534044e+00   2.1664009878144199e+00   1.7831865557682547e+00   1.5913862959313305e+00   1.4662307205765024e+00
   1.8250414368004044e+00   3.6204224290522149e+01   2.3324337687550340e+01   9.2848728264942988e+00   4.4828587073703616e+00   3.2204874133889172e+00   2.4491187147621343e+00   2.0423556462465058e+00   1.7296549680334039e+00   1.5384385699805789e+00   1.4233933760329998e+00
   2.4404577154745395e+00   3.8353125631733462e+01   2.4405394811353418e+01   8.6631468980634878e+00   4.4140436601102078e+00   3.2895876072033783e+00   2.3895234173503761e+00   1.9728400662956713e+00   1.6591111781541001e+00   1.4873246963424505e+00   1.3869882733899828e+00
   3.4251292751009714e+00   4.4331688022080414e+01   2.5321412084298139e+01   8.1000905915402122e+00   4.2508764775332573e+00   3.1180947482783652e+00   2.3537438610327630e+00   1.8793433755168556e+00   1.6025434009587110e+00   1.4470709310636343e+00   1.3617832797653924e+00
   2.0751235405017887e+01   4.3292696148861495e+01   2.6218523516351652e+01   7.2701844074192596e+00   4.2847513849894199e+00   3.0256234408092766e+00   2.2841710283053658e+00   1.7973617768361072e+00   1.5471431628245167e+00   1.4072055453487251e+00   1.3292173449607581e+00
   3.0116011317899705e+01   4.0396792484129222e+01   2.6042320811301643e+01   7.1225113356549787e+00   4.1232169511097947e+00   2.8456008352133200e+00   2.1588512067440666e+00   1.7211779287481745e+00   1.4953926889439493e+00   1.3792125063554466e+00   1.3024449212420084e+00
   3.2514211588321039e+01   3.8922600885136042e+01   2.6248303756235526e+01   6.5438160743958314e+00   3.9099229282003103e+00   2.7504363478379807e+00   2.0477527529252733e+00   1.6481428181380924e+00   1.4580638612719301e+00   1.3482774895921281e+00   1.2831474075125293e+00
   3.2673672560449987e+01   3.9262248178901530e+01   2.3801035778557335e+01   6.5574686752726450e+00   3.8233091824446399e+00   2.6121709451105026e+00   1.9492910378006931e+00   1.6068929608906162e+00   1.4143583939436342e+00   1.3188304063692025e+00   1.2620510032608629e+00
   3.9518367990926301e+01   3.9849044676940295e+01   2.3781506458026158e+01   5.9801568147505799e+00   3.9258075918240971e+00   2.5983851633387949e+00   1.8586547071510719e+00   1.5524398487372255e+00   1.3941959130969630e+00   1.2992080819198564e+00   1.2464851655168818e+00
   4.2012611717985919e+01   3.9739546528423261e+01   2.2569747493435116e+01   6.2514560518102460e+00   3.7068338401203929e+00   2.4728064598437336e+00   1.7704009224086641e+00   1.4976815461010862e+00   1.3603404809681785e+00   1.2786505819207439e+00   1.2264010543322730e+00
   4.3759234450662049e+01   4.0647469093644396e+01   1.7173428034292694e+01   5.7697595852048753e+00   3.5883510392696607e+00   2.2743163775691535e+00   1.7028021811611938e+00   1.4588431747784500e+00   1.3308640175280559e+00   1.2621848462939176e+00   1.2128949538028209e+00
   4.7322055381893136e+01   4.1778593713454967e+01   1.6342870885419515e+01   5.3605474062894896e+00   3.4189761398722540e+00   2.1547180764414637e+00   1.6350518118901873e+00   1.4233302229461873e+00   1.3116235959172924e+00   1.2409073013970375e+00   1.1955933874067655e+00
   4.9924477802508505e+01   4.2869402066303067e+01   1.4763460358883446e+01   5.5572275552163912e+00   3.2411521700307730e+00   2.0349149681514871e+00   1.5860548583485210e+00   1.3942111877269285e+00   1.2876047523553651e+00   1.2273309602930160e+00   1.1832927281679244e+00
   6.5888944047916766e+01   4.7865058296838782e+01   1.2920511134697028e+01   5.5269107999167577e+00   3.0205211214214018e+00   1.9103707467138324e+00   1.5459631811928718e+00   1.3621436687689845e+00   1.2716934760320102e+00   1.2094159006874905e+00   1.1729255779960766e+00
   6.2338569228138027e+01   4.6935111201707343e+01   1.2184967723911935e+01   5.2060658227375720e+00   2.8523072985170157e+00   1.8026427590082106e+00   1.5019355044700227e+00   1.3406926967996664e+00   1.2520855593001756e+00   1.1971776714824072e+00   1.1625704413802813e+00
   8.3501765902222180e-01   8.1667688915988768e-01   7.3034333789681649e-01   6.7396162506566482e-01   6.0824437835987444e-01   5.7105932077525989e-01   5.4236508417496498e-01   5.1449138127469640e-01   4.8538707638967415e-01   4.6315197368073580e-01   4.4776153142255504e-01
   8.6787771286953319e-01   7.8357406736884228e-01   7.0624160726795571e-01   6.2686078497695064e-01   5.6442972012594006e-01   5.2791040869975592e-01   5.2458285153561013e-01   5.4494334324172689e-01   5.5386600565938293e-01   5.9608006218658605e-01   7.4410828973173271e-01
   8.6881736189274150e-01   7.2701190688845019e-01   6.3923336476239057e-01   5.6060619324455363e-01   5.5278070209227703e-01   5.9868076104703893e-01   6.5520877028276603e-01   9.1628507747986299e-01   2.8124710269900475e+00   2.6832967554364444e+00   2.4391713115568807e+00
   8.1070370939364556e-01   6.8684058041180474e-01   5.7302548012070531e-01   5.6826464189693726e-01   6.4299537055560152e-01   7.4871909816007554e-01   1.5235601697902479e+00   3.2884703522455800e+00   2.7244552195774467e+00   2.6120701172140759e+00   2.3345025442947751e+00
   7.7602601859157760e-01   6.1071133589711946e-01   5.6511111544966597e-01   6.3855942007942845e-01   7.7672359189180828e-01   1.5794687687495412e+00   4.3778983762012924e+00   3.6441848703732265e+00   2.8230216641812795e+00   2.4459962601690899e+00   2.2432045088047370e+00
   7.2474805149320365e-01   5.6025345458375742e-01   6.0629297641717395e-01   7.4122070526829686e-01   1.2287380958274554e+00   6.6731875517019184e+00   4.5455094730076766e+00   3.2228944742281915e+00   2.6774290024805598e+00   2.3031841798743624e+00   2.1865089114198160e+00
   6.4650167937656255e-01   5.6021558414826744e-01   6.5059896223979274e-01   8.4287722327767445e-01   8.0044238821435805e+00   6.5849613381400136e+00   4.2029752802695057e+00   3.0950733234584540e+00   2.6353813949060338e+00   2.3335649099775413e+00   2.1357105596125190e+00
   5.8972746092803985e-01   5.9459475502355619e-01   7.5294798316639078e-01   1.2703259854472388e+00   8.7708810292078319e+00   5.9903978407076579e+00   3.8326386041804912e+00   3.0896171745062340e+00   2.5324108120584290e+00   2.2475274531699645e+00   2.1053826069179817e+00
   5.7264978997997251e-01   6.1847498191556061e-01   8.3784591983628576e-01   2.0699644200693541e+00   1.0077203383640695e+01   5.6138937242395661e+00   3.6767087810616133e+00   2.8330710560375407e+00   2.4620163903483450e+00   2.2240235603822782e+00   2.0004545111372680e+00
   5.4797582955386359e-01   6.8087750864667551e-01   1.0267188470187620e+00   1.1885082894987441e+01   9.9233740896315226e+00   5.0687949907420355e+00   3.5715197866844393e+00   2.8326935333443926e+00   2.3951543431292772e+00   2.1283892298830196e+00   2.0197928990623257e+00
   5.4669766383722240e-01   7.3778755225544845e-01   1.3934898995224771e+00   1.6511011727660595e+01   9.8146629327984556e+00   4.9949959904753101e+00   3.4548772535311816e+00   2.7068792659058407e+00   2.3581944903563912e+00   2.1757810257018653e+00   1.9705145660131735e+00
   5.5929253391634071e-01   7.9086740380673959e-01   1.8550403262849082e+00   1.3775410733948760e+01   8.4852438914558306e+00   4.6914877111706019e+00   3.2766271207644104e+00   2.6869490953971162e+00   2.2820209831327869e+00   2.0937392977332387e+00   1.9048691137339491e+00
   5.7086559149897798e-01   9.1201444480505667e-01   1.1659790211803397e+01   1.4333209833887494e+01   8.1231247447460859e+00   4.3030352796987099e+00   3.2561409209802452e+00   2.6794338900414933e+00   2.3241666582400988e+00   2.0622753682854915e+00   1.8474979265476228e+00
   6.1211504693393159e-01   1.0405960623030293e+00   1.5011163632384793e+01   1.5450963094931325e+01   8.2623407585991799e+00   4.1448391452843101e+00   3.0852245269473801e+00   2.5793006207355340e+00   2.2682997897955626e+00   1.9797220069545358e+00   1.7970357362313378e+00
   6.4811995269326084e-01   1.2516853471135962e+00   1.9639691747699793e+01   1.4895741812262429e+01   7.1940652919938914e+00   4.1776782591303814e+00   3.0439383730486353e+00   2.4776571997588643e+00   2.1888130725350035e+00   1.9159737397594281e+00   1.8304449093837285e+00
   6.8165915016758871e-01   1.6062762241185085e+00   1.9854043319467188e+01   1.5625382644551507e+01   6.4857745256169874e+00   3.8631011933713997e+00   2.9289146056156312e+00   2.5450214066008159e+00   2.1359662958516270e+00   1.8766831569348676e+00   1.8065872406508054e+00
   7.2128973060710533e-01   2.1703732184010400e+00   2.4004522513245664e+01   1.6066784968861882e+01   6.0508430886034903e+00   3.9288816918733547e+00   2.9917348377866539e+00   2.4799899383022255e+00   2.0780570453577876e+00   1.9165766570853839e+00   1.7575071688756139e+00
   7.8045115989791514e-01   3.0834162776650946e+00   2.5517046599995304e+01   1.5099177366968998e+01   6.0590360904924765e+00   3.7463523727547994e+00   2.8530679757715713e+00   2.3871795389408148e+00   2.0084356211786476e+00   1.8814909264401454e+00   1.7133469953746641e+00
   8.4983309747316593e-01   1.7868315745056222e+01   2.0460675101572015e+01   1.4784530107038336e+01   5.4537598100049873e+00   3.7320538018670462e+00   2.8015027104925436e+00   2.3173333052054064e+00   1.9983266578230650e+00   1.8353707115871893e+00   1.6484574096941458e+00
   9.0101987097379799e-01   1.9470524052480144e+01   2.3807521665014498e+01   1.4081759863351742e+01   5.3648190394432422e+00   3.5973567021432937e+00   2.8171092692904454e+00   2.2861339732158079e+00   2.0343643939984783e+00   1.7867397910522351e+00   1.6155669320372443e+00
   9.6519741323780162e-01   2.4810669105663401e+01   2.2274712307757795e+01   1.3235136762272624e+01   5.1353625086517436e+00   3.4267231782864673e+00   2.8184469455446588e+00   2.1875162007048758e+00   2.0026705441060386e+00   1.7158174743171848e+00   1.5633095029545634e+00
   1.1066317726114920e+00   2.6949061816672142e+01   2.4121038122581979e+01   1.2403352062372429e+01   4.9891652576837338e+00   3.5386590465225130e+00   2.6827366133005297e+00   2.1302184899364196e+00   1.9066363406964837e+00   1.6842220571807722e+00   1.5248645446633540e+00
   1.2885570607564221e+00   2.9797012329553610e+01   2.2159530513386358e+01   1.0355544548498930e+01   4.8446117130207886e+00   3.4509002897005678e+00   2.6651634596537139e+00   2.1541493445612998e+00   1.8569953014117484e+00   1.6255512280601661e+00   1.4888478989856568e+00
   1.4992023804415071e+00   3.0248512959774445e+01   2.3104568264503371e+01   9.8723649026856126e+00   4.8618594516878479e+00   3.3383475103558973e+00   2.5646283182271432e+00   2.1605293695293222e+00   1.7818653732039662e+00   1.5705765363633228e+00   1.4648624487894848e+00
   1.7449289774698531e+00   3.3851843030111425e+01   2.5212100992126324e+01   9.7230018567810266e+00   4.5589685308501373e+00   3.1791105634980426e+00   2.4750902681301019e+00   2.1042728974043134e+00   1.7418335966803420e+00   1.5475285972104733e+00   1.4321388061720597e+00
   2.0437476379985577e+00   4.3834293328627894e+01   2.5159138881381288e+01   8.6028039767650810e+00   4.6335219190478814e+00   3.2465235122546945e+00   2.4371169233838739e+00   2.0100661070200383e+00   1.6809030042036421e+00   1.5043630101426197e+00   1.4136472294565197e+00
   2.5365193784142930e+00   3.7212353811146912e+01   2.4850800408446418e+01   8.1588114877155178e+00   4.4165761135118675e+00   3.2424791341579438e+00   2.3683462021783850e+00   1.9487282133601607e+00   1.6551539549354737e+00   1.4824892067033335e+00   1.3826285672462393e+00
   3.0784766408443067e+00   4.0813517409130142e+01   2.5231530805705091e+01   7.9003441377934438e+00   4.2778433205993567e+00   3.1439962781242397e+00   2.3490449165677982e+00   1.8843679407703966e+00   1.6082422499813565e+00   1.4503605618051918e+00   1.3651371103096002e+00
   4.9582835714964659e+00   4.0772082948551571e+01   2.5368796147311322e+01   7.6216537612245014e+00   4.2252454875797056e+00   3.0942428952747014e+00   2.3146860868076513e+00   1.8206209243040814e+00   1.5649296140774682e+00   1.4311641847454943e+00   1.3376256621083924e+00
   2.0003690704795808e+01   4.1726890080838317e+01   2.5061635557786261e+01   7.1102066632853056e+00   4.3182872116282844e+00   2.9886165639541917e+00   2.2635350312689160e+00   1.7825682794169930e+00   1.5337647288226464e+00   1.4009642479792110e+00   1.3236874504255418e+00
   2.9127141908095616e+01   4.1295642547653159e+01   2.6049470906875484e+01   7.2337336755243831e+00   4.1280422459337753e+00   2.8529336296665582e+00   2.1651946096407708e+00   1.7239710207006067e+00   1.4967913554348460e+00   1.3779227177922966e+00   1.3033211501660515e+00
   8.3501765902222180e-01   8.1667688915988768e-01   7.3034333789681649e-01   6.7396162506566482e-01   6.0824437835987444e-01   5.7105932077525989e-01   5.4236508417496498e-01   5.1449138127469640e-01   4.8538707638967415e-01   4.6315197368073580e-01   4.4776153142255504e-01
   8.7289413380909098e-01   7.9233322246637661e-01   7.1960724934100306e-01   6.5746824991677566e-01   5.9930527690926705e-01   5.4410376362026724e-01   5.1242751278213072e-01   5.0169656174861132e-01   5.0840702332587773e-01   5.2201094282847060e-01   5.2071708259195915e-01
   8.7176515088391893e-01   7.7721110162788221e-01   6.8361488180038843e-01   5.9517265814198961e-01   5.4648762942519380e-01   5.2876358705152815e-01   5.5824171392066491e-01   5.8585987281847707e-01   6.5937566541933390e-01   9.1113368055725430e-01   1.2229195822621457e+00
   8.6649789999732596e-01   7.3448734295576723e-01   6.4923121455184396e-01   5.7026654783079256e-01   5.4966929996716463e-01   5.9846868182666457e-01   6.4685299544582364e-01   8.7702528256039836e-01   1.7498960285269451e+00   2.5387364651301354e+00   2.3308584385651874e+00
   8.3239937472921754e-01   7.0350766455941471e-01   5.9536007746660036e-01   5.4724096308984915e-01   6.0645359696351431e-01   6.8255773591034152e-01   9.3422753488574273e-01   3.1438235362393891e+00   2.8793857207943550e+00   2.6007211536770640e+00   2.3725173090532197e+00
   7.9766615498413573e-01   6.7038889235039378e-01   5.5605593080254523e-01   5.8973036960470915e-01   6.6501903466592716e-01   8.8669626199515417e-01   3.9100622858269802e+00   3.2702962280409116e+00   2.8902147469355874e+00   2.5193378425929334e+00   2.3194989359960720e+00
   7.7868029213109313e-01   6.1163855735756167e-01   5.5027741645740580e-01   6.3155091825428267e-01   7.5030075032814458e-01   1.4438685289807061e+00   4.6232642473654835e+00   3.6292270351045239e+00   2.8540088017176788e+00   2.4472301947472328e+00   2.2509005509559854e+00
   7.5995625121654431e-01   5.7549538144442702e-01   5.7978754237406860e-01   6.8819747587752778e-01   9.7837628724783710e-01   5.4361619230376146e+00   4.2441643496232420e+00   3.2292538331106293e+00   2.7566468295400322e+00   2.4216620021578921e+00   2.1673876337335125e+00
   6.9729425661511812e-01   5.5700295799291344e-01   6.0201409240926640e-01   7.5233320290214678e-01   1.3966166436363141e+00   6.9902073376730129e+00   4.1951069680575035e+00   3.2442247748690729e+00   2.6851090604871617e+00   2.4067914337089080e+00   2.1239273755280510e+00
   6.6421161586311561e-01   5.6120065055802248e-01   6.5742074285282237e-01   8.3438958845004629e-01   2.3351664931734870e+00   6.8879853643299356e+00   4.1357422936821440e+00   3.0898051657442820e+00   2.6423630696766360e+00   2.3597666507759687e+00   2.1305276542694394e+00
   6.0497592198932981e-01   5.7523304776226780e-01   7.0700873958426214e-01   1.0856797786213759e+00   9.3260281194110100e+00   5.9647489587701790e+00   3.9155045634440500e+00   3.0605013758790451e+00   2.6061079568549061e+00   2.2803988804340052e+00   2.1097117128381093e+00
   5.9572591133955555e-01   5.8971463065925078e-01   7.5548794172390599e-01   1.3916504971703199e+00   1.0704468308834279e+01   5.3770204045190049e+00   3.8315001906639523e+00   2.9797929594008767e+00   2.5502182106986502e+00   2.2007722428415173e+00   2.0808914198228994e+00
   5.7696460861651766e-01   6.0958329311277049e-01   8.3878317210370312e-01   1.8708814347113305e+00   9.7298438423394487e+00   5.7378172094996742e+00   3.6645661167821704e+00   2.8466496473010938e+00   2.4313203249774853e+00   2.2602189192319968e+00   2.0023634904570584e+00
   5.4557919271773847e-01   6.3796904379900599e-01   8.9792912907282929e-01   1.0562570794416978e+01   1.0775710689400249e+01   5.6952109943754916e+00   3.5188090031393360e+00   2.8330837306226067e+00   2.4728912830339884e+00   2.1606832623539463e+00   2.0540526824812835e+00
   5.4375924438415801e-01   6.7483481426160052e-01   1.0798901623804253e+00   1.2117131995845099e+01   1.0369826129336943e+01   5.1925509687685398e+00   3.5562407753051586e+00   2.8287832421326620e+00   2.3639190316028222e+00   2.1136051100657220e+00   2.0030081208984258e+00
   5.3911088103438154e-01   7.1784693439919178e-01   1.3186190215016933e+00   1.5593250316867412e+01   9.3016246945972085e+00   4.9953691978462000e+00   3.4415196412916638e+00   2.7181576949504311e+00   2.3999982830036726e+00   2.1527340822579517e+00   1.9882097955404887e+00
   5.4102297628025897e-01   7.6848079281485360e-01   1.5257998139024673e+00   1.5539444960513961e+01   9.8993073604120490e+00   4.6281223435571963e+00   3.3321162058860483e+00   2.7744312370809316e+00   2.3309614784876613e+00   2.1327304702347458e+00   1.9140367053239755e+00
   5.6735976542172217e-01   7.9904275444007045e-01   2.0466350644271820e+00   1.4290194535892319e+01   8.9077895269077807e+00   4.7561388974096639e+00   3.3309325376218553e+00   2.6606448479052291e+00   2.2678319700622600e+00   2.0849200917187818e+00   1.8973338684568735e+00
   5.8330697916278318e-01   9.0365288606779592e-01   9.0704349437499587e+00   1.5646485636968709e+01   8.8794305846222308e+00   4.4596745631605668e+00   3.2557679032636129e+00   2.6318205351540542e+00   2.2972385222558209e+00   2.0624559327338661e+00   1.8490433371231205e+00
   5.9306950010502013e-01   9.4988397514262535e-01   1.4716623828210663e+01   1.4382591171785151e+01   8.0214098449473603e+00   4.4922019923368293e+00   3.1023510648529982e+00   2.6489387058675522e+00   2.3034111173038321e+00   2.0075280937819242e+00   1.8253228131824133e+00
   6.1020302639156687e-01   1.0392539715646816e+00   1.6395541967975547e+01   1.5741116502215242e+01   7.6827966624695936e+00   4.1794899273503034e+00   3.1098066327873997e+00   2.5463772882254432e+00   2.2617319051891416e+00   1.9603844427693937e+00   1.7939444170735335e+00
   6.4874483306653952e-01   1.1816339637837261e+00   2.0966731972781318e+01   1.4931679083804021e+01   7.2745791466120284e+00   4.1651015584864091e+00   3.1211125602293874e+00   2.5189700285378720e+00   2.2060888034853083e+00   1.9364170035006900e+00   1.8179229903420722e+00
   6.5563249962146342e-01   1.3528658910545144e+00   2.0838703307344922e+01   1.5062633996247385e+01   6.8246661987103288e+00   4.0114661271059378e+00   2.9682623775622328e+00   2.4803153264619198e+00   2.1607946663911926e+00   1.8898488891155765e+00   1.8467066606151370e+00
   6.7985859330559828e-01   1.6382852518444579e+00   1.9301103220687381e+01   1.5372334388698004e+01   6.3900168034793969e+00   3.8378081936446908e+00   2.9397541608240472e+00   2.5459981368121412e+00   2.1428231456028253e+00   1.8778900797140139e+00   1.8054387435225272e+00
   7.0132536967044379e-01   1.9313810575992105e+00   2.0373213568215419e+01   1.5037838940512955e+01   6.3693920835142723e+00   3.8479885813900099e+00   3.0441719151764857e+00   2.5144963720373310e+00   2.1021602941126027e+00   1.9022485775842730e+00   1.7705508223262763e+00
   7.3689612688234329e-01   2.4049680542159959e+00   2.2358951329854364e+01   1.5351672341318679e+01   5.9390299463688052e+00   3.8634154448699700e+00   2.9453372950685850e+00   2.4356057275872400e+00   2.0361310288679544e+00   1.9276474492130440e+00   1.7416866173813941e+00
   7.8133495203869696e-01   3.0561777480852075e+00   2.4687417216037716e+01   1.5877661306226138e+01   6.0500073361136479e+00   3.7318399887317524e+00   2.8515586189894035e+00   2.3823880044092598e+00   2.0064790543995570e+00   1.8806008320612784e+00   1.7128833707023392e+00
   8.1667880683854810e-01   1.3533386193560329e+01   2.1678146598159586e+01   1.6416977426986605e+01   5.7679224895414665e+00   3.6528038456618299e+00   2.7983202033394221e+00   2.3416889502481468e+00   1.9984127595496726e+00   1.8513769014444614e+00   1.6670472537722894e+00
   8.5440021263464350e-01   1.9063350370137663e+01   2.1328365413160249e+01   1.5763868860015954e+01   5.4373331722347960e+00   3.7014672105963582e+00   2.7704807626243944e+00   2.3152405178612350e+00   2.0125100409452661e+00   1.8179172057288411e+00   1.6376516358584614e+00
   9.0831897664473016e-01   1.9229647572176617e+01   2.2601278114920149e+01   1.3925182947919504e+01   5.3771041829735893e+00   3.6006856946418355e+00   2.8167346890428622e+00   2.2871996234490748e+00   2.0339179577783084e+00   1.7871542079660649e+00   1.6159060998712149e+00
   9.6097447604108288e-01   2.0426422580417523e+01   2.2434275859458445e+01   1.3614680070915291e+01   5.1769008978437956e+00   3.5166067914656391e+00   2.8162997024346001e+00   2.2287661077760994e+00   2.0219909556099127e+00   1.7304202091456742e+00   1.5952825085907765e+00
   8.3501765902222180e-01   8.1667688915988768e-01   7.3034333789681649e-01   6.7396162506566482e-01   6.0824437835987444e-01   5.7105932077525989e-01   5.4236508417496498e-01   5.1449138127469640e-01   4.8538707638967415e-01   4.6315197368073580e-01   4.4776153142255504e-01
   8.9628361170837045e-01   7.9870542723376003e-01   7.2203260540812764e-01   6.5822460229872348e-01   6.1541385999685039e-01   5.7335936088081851e-01   5.3418257385657753e-01   5.0670866084970845e-01   4.9136933305105679e-01   4.8419327714711735e-01   4.7605410762088463e-01
   8.6166908468372694e-01   7.7763324386263477e-01   7.1289884041047391e-01   6.4782803740881445e-01   5.8900596236494684e-01   5.4326484957043641e-01   5.1079985360840330e-01   5.0855019934056278e-01   5.2052230264715371e-01   5.2706424493055704e-01   5.3918270194823159e-01
   8.5988423121198698e-01   7.7650243166053146e-01   7.0433827770773594e-01   6.1560521352399367e-01   5.5960677922483293e-01   5.2428698775586446e-01   5.3719664208843010e-01   5.5979162295292206e-01   5.7429888197113810e-01   6.6544331207472995e-01   8.7882407863451850e-01
   8.7553485530527120e-01   7.6883094150692488e-01   6.6737332359428048e-01   5.9815564536289312e-01   5.3655264186483664e-01   5.4490343280305775e-01   5.7267193121240445e-01   6.1074454862847660e-01   7.8767176992789811e-01   1.1267994877857861e+00   2.3267136271040649e+00
   8.6325525575770423e-01   7.4612551325818810e-01   6.4772735397042691e-01   5.6895013062950395e-01   5.4148991844641514e-01   5.7280440039663738e-01   6.2751277340225720e-01   7.9664663040493355e-01   1.3586937066022680e+00   2.6787195404433097e+00   2.3953568361303708e+00
   8.5141862906267773e-01   7.1623675328360004e-01   6.2543398586008148e-01   5.4556035639868528e-01   5.7645830848910729e-01   6.3099383547685572e-01   7.2963539301346947e-01   1.1547672142254273e+00   2.8907764896526409e+00   2.6399233267077102e+00   2.4174748126748193e+00
   8.3321445993338239e-01   7.0659005819633813e-01   6.0209493177114326e-01   5.5124082548200404e-01   5.9634334950128176e-01   6.7356356388068850e-01   9.2214865386178224e-01   3.4295005357870627e+00   2.9336690126867651e+00   2.6702494679534108e+00   2.3924279656411325e+00
   8.1447484618036947e-01   6.9349569963033897e-01   5.6340490815253230e-01   5.7143969442027420e-01   6.4148379873456740e-01   7.1326719511921555e-01   1.4286409826959905e+00   3.2776180744257757e+00   2.8406590678450776e+00   2.4935459070931891e+00   2.3030722689995460e+00
   7.9272181167636158e-01   6.6312629282388125e-01   5.5831279378317145e-01   5.8676693066276453e-01   6.8109155563162005e-01   9.0524461953341517e-01   3.9547281278049491e+00   3.2294191201657498e+00   2.8712703242354318e+00   2.4868984905360749e+00   2.3418066845996797e+00
   7.7946039652299270e-01   6.3798300306772582e-01   5.4850707706435009e-01   6.0839058905727472e-01   7.2442206264370079e-01   1.1144626196382657e+00   4.2914022015228284e+00   3.2243952741115822e+00   2.7875407532934036e+00   2.4947342218671968e+00   2.2841871953592783e+00
   7.8043363293366397e-01   6.1372154550658808e-01   5.6678865298394943e-01   6.4676523960209997e-01   7.7463175651927074e-01   1.6084698276596165e+00   4.3176366706986293e+00   3.5416323852389970e+00   2.7921481917182209e+00   2.4874264575509493e+00   2.2586064464831486e+00
   7.5479089443550196e-01   5.7814835047866930e-01   5.7812043217571418e-01   6.6592016054709036e-01   8.8036440241871605e-01   5.9903347949756558e+00   4.5664171499258028e+00   3.4535512486208972e+00   2.7876217779934831e+00   2.3843121941216898e+00   2.2226725748333402e+00
   7.3822734070048468e-01   5.6979714555965932e-01   5.8523299454640076e-01   7.1130450655744415e-01   1.1370506104852915e+00   6.4786441013028000e+00   4.5222306021714918e+00   3.3731466672219104e+00   2.6724147345818530e+00   2.4119240515881799e+00   2.1779020418643871e+00
   7.1843393562900848e-01   5.5234136724411909e-01   6.0250026005948376e-01   7.5561456374183700e-01   1.3494159556940826e+00   6.4545016172870877e+00   4.1558762399484293e+00   3.1802938282363300e+00   2.7005145243738116e+00   2.3886652689504713e+00   2.1397549620801426e+00
   6.9748388275525208e-01   5.6664602735627800e-01   6.2729436406656847e-01   8.0315270229201385e-01   1.6524431745106007e+00   6.5023495270209857e+00   4.2674557395549186e+00   3.2095025028019464e+00   2.6759216675148063e+00   2.3021747222536102e+00   2.1713385832293564e+00
   6.4732528959047031e-01   5.5974393828551305e-01   6.5737014341368516e-01   8.3345382621172193e-01   6.4642318972743169e+00   6.7833084211164536e+00   4.0968015546484819e+00   3.0753315350509247e+00   2.6376742434235827e+00   2.3592739726995857e+00   2.1374947966965832e+00
   6.1628661239667870e-01   5.6061274135004480e-01   6.7427998604844785e-01   9.7666219012625155e-01   8.8124296721400288e+00   5.7513067828423035e+00   3.9343217521596343e+00   3.1235710260362639e+00   2.5854716983034827e+00   2.2494675043353718e+00   2.0928215730775377e+00
   6.0402986656292912e-01   5.7705611100426113e-01   7.1917859684631735e-01   1.1391804106183889e+00   9.8196441704332713e+00   6.0208790533834478e+00   4.1190374653115791e+00   2.9721968408855020e+00   2.6300429728273986e+00   2.3028240045583179e+00   2.1119662204582754e+00
   6.0079583276395165e-01   5.9001503620214057e-01   7.4062783601893745e-01   1.3015530996083033e+00   9.1040671045429313e+00   5.8695508722615450e+00   3.8462487582632763e+00   3.0917606900376242e+00   2.5353029361047454e+00   2.2503491327959564e+00   2.0989790963447277e+00
   5.8725873807212925e-01   6.0254063963547511e-01   7.8523872143368523e-01   1.4943732811300610e+00   9.9809749549724742e+00   6.0997728863970178e+00   3.6387406101490045e+00   2.9184674221995444e+00   2.5081658765920327e+00   2.1827345318614535e+00   2.0412684348734240e+00
   5.7128704893790361e-01   6.1113659463510417e-01   8.1407738960220455e-01   1.7668663885811986e+00   1.0066561735865186e+01   5.6324535460747223e+00   3.6984488173065948e+00   2.8430619922026592e+00   2.4406678166403815e+00   2.2417549384417459e+00   2.0281538381549273e+00
   5.6490490734347976e-01   6.1564497903344306e-01   8.4042899466711729e-01   2.3880342548050848e+00   1.0720518056190670e+01   5.6205297217700636e+00   3.7380347990041654e+00   2.8567769209228366e+00   2.5084138188430991e+00   2.2233717769500028e+00   2.0094047906619688e+00
   5.4782868451001998e-01   6.3851961187507866e-01   8.9207742230429310e-01   9.1382100025666961e+00   1.0480545160708054e+01   5.7150332860598443e+00   3.5163618242962236e+00   2.8317734631721505e+00   2.4719434532799154e+00   2.1618404279916339e+00   2.0547806461828464e+00
   5.3516305294486000e-01   6.6160562639688503e-01   1.0076708325945913e+00   1.2113784098379412e+01   9.8097549599254705e+00   5.2695294381781759e+00   3.5796567046437042e+00   2.7979312496856847e+00   2.3822423675177928e+00   2.1514845916962257e+00   2.0287448800690147e+00
   5.4100520926317452e-01   6.9422522854071689e-01   1.1050222332341384e+00   1.2812116294619823e+01   1.0438105764947082e+01   5.5854365427645432e+00   3.4826274052627255e+00   2.8128360716493335e+00   2.3688719036488282e+00   2.1286430826663914e+00   2.0029022142420159e+00
   5.4430356721566142e-01   7.1128375142836542e-01   1.2483034903297674e+00   1.3012588353740362e+01   1.0610399958744978e+01   4.9900170821926135e+00   3.4300690415090673e+00   2.7414220262544293e+00   2.4453229352957138e+00   2.1231583425685550e+00   1.9741567798565591e+00
   5.6713024663753786e-01   7.3851076163607055e-01   1.3747054104692693e+00   1.5379737376169810e+01   9.6376957592143278e+00   4.9802754888723353e+00   3.4603348839463490e+00   2.7048099607168217e+00   2.3550774480247210e+00   2.1789353361993551e+00   1.9727314543355585e+00
   5.3659472697225230e-01   7.6903886814450684e-01   1.4839315276182936e+00   1.5361329320576957e+01   9.9569906183497441e+00   4.8075947422059482e+00   3.3545916712523329e+00   2.8012575713744354e+00   2.3562200476807567e+00   2.1431585920329050e+00   1.9181393715604920e+00
   5.4831187675205273e-01   7.9023547113296333e-01   1.6280947362767149e+00   1.4237689633638523e+01   9.1557468131299231e+00   4.7464473909698732e+00   3.3306464945474037e+00   2.7206581023427390e+00   2.3050868693191591e+00   2.1222209477646805e+00   1.9238122616351392e+00
   5.5359912364340613e-01   7.9695230169342390e-01   1.9869901121211093e+00   1.3650618051988740e+01   8.7094261636242223e+00   4.7923334916769198e+00   3.3369404660532709e+00   2.6676308614651534e+00   2.2731549405940545e+00   2.0746896681194222e+00   1.9003584126169899e+00
