       2.0108587       2.0413331       2.0750800       1.9663344       1.4168938
       2.0624019       2.0077962       2.0353521       1.9369634       1.4208589
       2.1624542       2.0336751       2.0321719       1.9221654       1.4105788
       2.2607501       2.0827040       2.0559832       1.9300503       1.4036292
       2.3482462       2.1375101       2.0920453       1.9513585       1.4023767
       2.4245821       2.1915124       2.1326260       1.9793523       1.4056061
       2.4912097       2.2423978       2.1737781       2.0101773       1.4118969
       2.5497412       2.2895388       2.2138277       2.0417299       1.4201783
       2.6015697       2.3329666       2.2520177       2.0728893       1.4297139
       2.6478221       2.3729523       2.2880832       2.1030811       1.4400099
       1.9309525       2.0067185       2.0071948       1.8452214       1.0759084
       1.9692254       1.9726110       1.9701804       1.8169881       1.0791076
       2.0569305       1.9973352       1.9679119       1.8019652       1.0713015
       2.1449610       2.0450214       1.9914904       1.8083519       1.0658824
       2.2240777       2.0985039       2.0267902       1.8275069       1.0647257
       2.2935436       2.1512741       2.0662948       1.8530795       1.0669513
       2.3544720       2.2010371       2.1063765       1.8814226       1.0715013
       2.4082099       2.2471624       2.1453520       1.9105388       1.0775720
       2.4559511       2.2896714       2.1824976       1.9393588       1.0846086
       2.4986738       2.3288237       2.2175631       1.9673302       1.0922374
       1.9158531       1.9696735       1.9600997       1.6808097      0.59179697
       1.9535088       1.9374285       1.9236569       1.6542026      0.59374074
       2.0403507       1.9623620       1.9212259       1.6389418      0.58984687
       2.1275960       2.0096175       1.9440921       1.6433504      0.58719232
       2.2060447       2.0624528       1.9784380       1.6596299      0.58679017
       2.2749467       2.1145208       2.0170024       1.6819567      0.58818054
       2.3353951       2.1635889       2.0560674       1.7069666      0.59080309
       2.3887195       2.2090504       2.0940645       1.7328071      0.59423052
       2.4360998       2.2509343       2.1302842       1.7584796      0.59816733
       2.4785038       2.2895011       2.1644802       1.7834618      0.60241443
       1.9067264       1.9572882       1.9189776       1.5235134      0.28567505
       1.9443306       1.9252039       1.8832463       1.4988589      0.28667543
       2.0308847       1.9499397       1.8807971       1.4841126      0.28504592
       2.1178182       1.9968649       1.9031304       1.4872996      0.28399413
       2.1959752       2.0493413       1.9367171       1.5013874      0.28397989
       2.2646130       2.1010601       1.9743560       1.5210732      0.28478926
       2.3248241       2.1498020       2.0125699       1.5432827      0.28616259
       2.3779350       2.1949631       2.0497439       1.5663175      0.28790198
       2.4251226       2.2365716       2.0851822       1.5892580      0.28987063
       2.4673521       2.2748860       2.1186428       1.6116201      0.29197653
       1.8986765       1.9480746       1.8819983       1.4042673      0.16059184
       1.9361952       1.9160412       1.8469091       1.3812816      0.16117887
       2.0223409       1.9405763       1.8444376       1.3673029      0.16036028
       2.1088209       1.9872182       1.8662827       1.3699070      0.15985875
       2.1865449       2.0394004       1.8991761       1.3826198      0.15992118
       2.2547856       2.0908393       1.9360554       1.4005412      0.16043028
       2.3146368       2.1393231       1.9735032       1.4208264      0.16124424
       2.3674227       2.1842488       2.0099364       1.4419017      0.16225504
       2.4143166       2.2256430       2.0446715       1.4629136      0.16338807
       2.4562801       2.2637619       2.0774703       1.4834115      0.16459321
       1.8941866       1.9409171       1.8462285       1.3025509     0.098483858
       1.9315923       1.9088612       1.8117253       1.2811155     0.098856206
       2.0175391       1.9331931       1.8092145       1.2679607     0.098397812
       2.1038335       1.9795822       1.8305765       1.2702121     0.098129970
       2.1814032       2.0314930       1.8627916       1.2818702     0.098199185
       2.2495155       2.0826936       1.8989249       1.2983839     0.098534940
       2.3092608       2.1309603       1.9356260       1.3171089     0.099052161
       2.3619583       2.1756896       1.9713379       1.3365815     0.099686055
       2.4087778       2.2169062       2.0053888       1.3560069      0.10039190
       2.4506778       2.2548641       2.0375439       1.3749650      0.10113966
       1.8898408       1.9334987       1.8116581       1.2108621     0.063992730
       1.9272674       1.9014335       1.7777292       1.1910600     0.064241781
       2.0131047       1.9255696       1.7751865       1.1786963     0.063965785
       2.0992740       1.9717051       1.7960861       1.1805746     0.063811308
       2.1767249       2.0233778       1.8276492       1.1911627     0.063871307
       2.2447323       2.0743392       1.8630587       1.2084110     0.064100741
       2.3043843       2.1223869       1.8990400       1.2257910     0.064445300
       2.3569984       2.1669174       1.9340562       1.2438759     0.064863621
       2.4037427       2.2079539       1.9674469       1.2619238     0.065327160
       2.4455745       2.2457481       1.9989809       1.2795421     0.065816768
       1.8862375       1.9263649       1.7779592       1.1322718     0.043414712
       1.9236942       1.8942559       1.7445916       1.1135113     0.043589303
       2.0094585       1.9181830       1.7420212       1.1018778     0.043414854
       2.0955459       1.9640620       1.7624727       1.1036651     0.043321109
       2.1729218       2.0154792       1.7934018       1.1136619     0.043370154
       2.2408622       2.0662024       1.8281229       1.1279051     0.043531964
       2.3004537       2.1140329       1.8634050       1.1440900     0.043770268
       2.3530127       2.1583671       1.8977451       1.1609399     0.044057433
       2.3997061       2.1992261       1.9304940       1.1777607     0.044374387
       2.4414905       2.2368593       1.9614240       1.1941848     0.044708346
