&noah_mp_usgs_veg_categories
 VEG_DATASET_DESCRIPTION = "USGS"
 NVEG = 27
/
&noah_mp_usgs_parameters
 ! NVEG = 27
 !  1: Urban and Built-Up Land
 !  2: Dryland Cropland and Pasture
 !  3: Irrigated Cropland and Pasture
 !  4: Mixed Dryland/Irrigated Cropland and Pasture
 !  5: Cropland/Grassland Mosaic
 !  6: Cropland/Woodland Mosaic
 !  7: Grassland
 !  8: Shrubland
 !  9: Mixed Shrubland/Grassland
 ! 10: Savanna
 ! 11: Deciduous Broadleaf Forest
 ! 12: Deciduous Needleleaf Forest
 ! 13: Evergreen Broadleaf Forest
 ! 14: Evergreen Needleleaf Forest
 ! 15: Mixed Forest
 ! 16: Water Bodies
 ! 17: Herbaceous Wetland
 ! 18: Wooded Wetland
 ! 19: Barren or Sparsely Vegetated
 ! 20: Herbaceous Tundra
 ! 21: Wooded Tundra
 ! 22: Mixed Tundra
 ! 23: Bare Ground Tundra
 ! 24: Snow or Ice
 ! 25: Playa
 ! 26: Lava
 ! 27: White Sand

 ISURBAN   = 1
 ISWATER   = 16
 ISBARREN  = 19
 ISSNOW    = 24
 EBLFOREST = 13

 !---------------------------------------------------------------------------------------------------------------------------------------------------------------------------------------------------
 !          1      2      3      4      5      6      7      8      9      10     11     12     13     14     15     16     17     18     19     20     21     22     23     24     25     26    27
 !---------------------------------------------------------------------------------------------------------------------------------------------------------------------------------------------------
 CH2OP =   0.1,   0.1,   0.1,   0.1,   0.1,   0.1,   0.1,   0.1,   0.1,   0.1,   0.1,   0.1,   0.1,   0.1,   0.1,   0.1,   0.1,   0.1,   0.1,   0.1,   0.1,   0.1,   0.1,   0.1,   0.1,   0.1,   0.1,
 DLEAF =  0.04,  0.04,  0.04,  0.04,  0.04,  0.04,  0.04,  0.04,  0.04,  0.04,  0.04,  0.04,  0.04,  0.04,  0.04,  0.04,  0.04,  0.04,  0.04,  0.04,  0.04,  0.04,  0.04,  0.04,  0.04,  0.04,  0.04,
 Z0MVT =  1.00,  0.15,  0.15,  0.15,  0.14,  0.50,  0.12,  0.06,  0.09,  0.50,  0.80,  0.85,  1.10,  1.09,  0.80,  0.00,  0.12,  0.50,  0.00,  0.10,  0.30,  0.20,  0.03,  0.00,  0.01,  0.00,  0.00,
 HVT   =  15.0,  2.00,  2.00,  2.00,  1.50,  8.00,  1.00,  1.10,  1.10,  10.0,  16.0,  18.0,  20.0,  20.0,  16.0,  0.00,  0.50,  10.0,  0.00,  0.50,  4.00,  2.00,  0.50,  0.00,  0.10,  0.00,  0.00,
 HVB   =  1.00,  0.10,  0.10,  0.10,  0.10,  0.15,  0.05,  0.10,  0.10,  0.10,  11.5,  7.00,  8.00,  8.50,  10.0,  0.00,  0.05,  0.10,  0.00,  0.10,  0.10,  0.10,  0.10,  0.00,  0.10,  0.00,  0.00,
 DEN   =  0.01,  25.0,  25.0,  25.0,  25.0,  25.0,  100.,  10.0,  10.0,  0.02,  0.10,  0.28,  0.02,  0.28,  0.10,  0.01,  10.0,  0.10,  0.01,  1.00,  1.00,  1.00,  1.00,  0.00,  0.01,  0.01,  0.01,
 RC    =  1.00,  0.08,  0.08,  0.08,  0.08,  0.08,  0.03,  0.12,  0.12,  3.00,  1.40,  1.20,  3.60,  1.20,  1.40,  0.01,  0.10,  1.40,  0.01,  0.30,  0.30,  0.30,  0.30,  0.00,  0.01,  0.01,  0.01,

 ! Row 1:  Vis
 ! Row 2:  Near IR
 RHOL  =  0.00,  0.11,  0.11,  0.11,  0.11,  0.11,  0.11,  0.07,  0.10,  0.10,  0.10,  0.07,  0.10,  0.07,  0.10,  0.00,  0.11,  0.10,  0.00,  0.10,  0.10,  0.10,  0.10,  0.00,  0.10,  0.00,  0.00,
          0.00,  0.58,  0.58,  0.58,  0.58,  0.58,  0.58,  0.35,  0.45,  0.45,  0.45,  0.35,  0.45,  0.35,  0.45,  0.00,  0.58,  0.45,  0.00,  0.45,  0.45,  0.45,  0.45,  0.00,  0.45,  0.00,  0.00,

 ! Row 1:  Vis
 ! Row 2:  Near IR
 RHOS  =  0.00,  0.36,  0.36,  0.36,  0.36,  0.36,  0.36,  0.16,  0.16,  0.16,  0.16,  0.16,  0.16,  0.16,  0.16,  0.00,  0.36,  0.16,  0.00,  0.16,  0.16,  0.16,  0.16,  0.00,  0.16,  0.00,  0.00,
          0.00,  0.58,  0.58,  0.58,  0.58,  0.58,  0.58,  0.39,  0.39,  0.39,  0.39,  0.39,  0.39,  0.39,  0.39,  0.00,  0.58,  0.39,  0.00,  0.39,  0.39,  0.39,  0.39,  0.00,  0.39,  0.00,  0.00,

 ! Row 1:  Vis
 ! Row 2:  Near IR
 TAUL  =  0.00,  0.07,  0.07,  0.07,  0.07,  0.07,  0.07,  0.05,  0.05,  0.05,  0.05,  0.05,  0.05,  0.05,  0.05,  0.00,  0.07,  0.05,  0.00,  0.05,  0.05,  0.05,  0.05,  0.00,  0.05,  0.00,  0.00,
          0.00,  0.25,  0.25,  0.25,  0.25,  0.25,  0.25,  0.10,  0.10,  0.25,  0.25,  0.10,  0.25,  0.10,  0.25,  0.00,  0.25,  0.25,  0.00,  0.25,  0.25,  0.25,  0.25,  0.00,  0.25,  0.00,  0.00,

 ! Row 1:  Vis
 ! Row 2:  Near IR
 TAUS  = 0.000, 0.220, 0.220, 0.220, 0.220, 0.220, 0.220, 0.001, 0.001, 0.001, 0.001, 0.001, 0.001, 0.001, 0.001, 0.000, 0.220, 0.001, 0.000, 0.220, 0.001, 0.001, 0.001, 0.000, 0.001, 0.000, 0.000,
         0.000, 0.380, 0.380, 0.380, 0.380, 0.380, 0.380, 0.001, 0.001, 0.001, 0.001, 0.001, 0.001, 0.001, 0.001, 0.000, 0.380, 0.001, 0.000, 0.380, 0.001, 0.001, 0.001, 0.000, 0.001, 0.000, 0.000,

 XL    = 0.000, -0.30, -0.30, -0.30, -0.30, -0.30, -0.30, 0.010, 0.250, 0.010, 0.250, 0.010, 0.010, 0.010, 0.250, 0.000, -0.30, 0.250, 0.000, -0.30, 0.250, 0.250, 0.250, 0.000, 0.250, 0.000, 0.000,
! CWPVT =   3.0,   3.0,   3.0,   3.0,   3.0,   3.0,   3.0,   3.0,   3.0,   3.0,   3.0,   3.0,   3.0,   3.0,   3.0,   3.0,   3.0,   3.0,   3.0,   3.0,   3.0,   3.0,   3.0,   3.0,   3.0,   3.0,   3.0,
 CWPVT =  0.18,   0.18,   0.18,   0.18,   0.18,   0.18,   0.18,   0.18,   0.18,   0.18,   0.18,   0.18,   0.18,   0.18,   0.18,   0.18,   0.18,   0.18,   0.18,   0.18,   0.18,  0.18,  0.18,  0.18,
 C3PSN =   1.0,   1.0,   1.0,   1.0,   1.0,   1.0,   1.0,   1.0,   1.0,   1.0,   1.0,   1.0,   1.0,   1.0,   1.0,   1.0,   1.0,   1.0,   1.0,   1.0,   1.0,   1.0,   1.0,   1.0,   1.0,   1.0,   1.0,
 KC25  =  30.0,  30.0,  30.0,  30.0,  30.0,  30.0,  30.0,  30.0,  30.0,  30.0,  30.0,  30.0,  30.0,  30.0,  30.0,  30.0,  30.0,  30.0,  30.0,  30.0,  30.0,  30.0,  30.0,  30.0,  30.0,  30.0,  30.0,
 AKC   =   2.1,   2.1,   2.1,   2.1,   2.1,   2.1,   2.1,   2.1,   2.1,   2.1,   2.1,   2.1,   2.1,   2.1,   2.1,   2.1,   2.1,   2.1,   2.1,   2.1,   2.1,   2.1,   2.1,   2.1,   2.1,   2.1,   2.1,
 KO25  =  3.E4,  3.E4,  3.E4,  3.E4,  3.E4,  3.E4,  3.E4,  3.E4,  3.E4,  3.E4,  3.E4,  3.E4,  3.E4,  3.E4,  3.E4,  3.E4,  3.E4,  3.E4,  3.E4,  3.E4,  3.E4,  3.E4,  3.E4,  3.E4,  3.E4,  3.E4,  3.E4,
 AKO   =   1.2,   1.2,   1.2,   1.2,   1.2,   1.2,   1.2,   1.2,   1.2,   1.2,   1.2,   1.2,   1.2,   1.2,   1.2,   1.2,   1.2,   1.2,   1.2,   1.2,   1.2,   1.2,   1.2,   1.2,   1.2,   1.2,   1.2,
 AVCMX =   2.4,   2.4,   2.4,   2.4,   2.4,   2.4,   2.4,   2.4,   2.4,   2.4,   2.4,   2.4,   2.4,   2.4,   2.4,   2.4,   2.4,   2.4,   2.4,   2.4,   2.4,   2.4,   2.4,   2.4,   2.4,   2.4,   2.4,
 AQE   =   1.0,   1.0,   1.0,   1.0,   1.0,   1.0,   1.0,   1.0,   1.0,   1.0,   1.0,   1.0,   1.0,   1.0,   1.0,   1.0,   1.0,   1.0,   1.0,   1.0,   1.0,   1.0,   1.0,   1.0,   1.0,   1.0,   1.0,

 LTOVRC=   0.0,   1.2,   1.2,   1.2,   1.2,  1.30,  0.50,  0.65,  0.70,  0.65,  0.55,   0.2,  0.55,   0.5,   0.5,   0.0,   1.4,   1.4,   0.0,   1.2,   1.3,   1.4,   1.0,   0.0,   1.0,   0.0,   0.0,
 DILEFC=  0.00,  0.50,  0.50,  0.50,  0.35,  0.20,  0.20,  0.20,  0.50,  0.50,  0.60,  1.80,  0.50,  1.20,  0.80,  0.00,  0.40,  0.40,  0.00,  0.40,  0.30,  0.40,  0.30,  0.00,  0.30,  0.00,  0.00,
 DILEFW=  0.00,  0.20,  0.20,  0.20,  0.20,  0.20,  0.10,  0.20,  0.20,  0.50,  0.20,  0.20,  4.00,  0.20,  0.20,  0.00,  0.20,  0.20,  0.00,  0.20,  0.20,  0.20,  0.20,  0.00,  0.20,  0.00,  0.00,
 RMF25 =  0.00,  1.00,  1.40,  1.45,  1.45,  1.45,  1.80,  0.26,  0.26,  0.80,  3.00,  4.00,  0.65,  3.00,  3.00,  0.00,  3.20,  3.20,  0.00,  3.20,  3.00,  3.00,  3.00,  0.00,  3.00,  0.00,  0.00,
 SLA   =    60,    80,    80,    80,    80,    80,    60,    60,    60,    50,    80,    80,    80,    80,    80,     0,    80,    80,     0,    80,    80,    80,    80,     0,    80,     0,     0,
 FRAGR =  0.00,  0.20,  0.20,  0.20,  0.20,  0.20,  0.20,  0.20,  0.20,  0.20,  0.20,  0.10,  0.20,  0.10,  0.10,  0.00,  0.10,  0.10,  0.10,  0.10,  0.10,  0.10,  0.10,  0.00,  0.10,  0.00,  0.00,
 TMIN  =     0,   273,   273,   273,   273,   273,   273,   273,   273,   273,   273,   268,   273,   265,   268,     0,   268,   268,     0,   268,   268,   268,   268,     0,   268,     0,     0,
 VCMX25=  0.00,  80.0,  80.0,  80.0,  60.0,  70.0,  40.0,  40.0,  40.0,  40.0,  60.0,  60.0,  60.0,  50.0,  55.0,  0.00,  50.0,  50.0,  0.00,  50.0,  50.0,  50.0,  50.0,  0.00,  50.0,  0.00,  0.00,
 TDLEF =   278,   278,   278,   278,   278,   278,   278,   278,   278,   278,   278,   268,   278,   278,   268,     0,   268,   268,     0,   268,   268,   268,   268,     0,   268,     0,     0,
 BP    = 1.E15,  2.E3,  2.E3,  2.E3,  2.E3,  2.E3,  2.E3,  2.E3,  2.E3,  2.E3,  2.E3,  2.E3,  2.E3,  2.E3,  2.E3, 1.E15,  2.E3,  2.E3,  2.E3,  2.E3,  2.E3,  2.E3,  2.E3, 1.E15,  2.E3, 1.E15, 1.E15,
 MP    =    9.,    9.,    9.,    9.,    9.,    9.,    9.,    9.,    9.,    9.,    9.,    6.,    9.,    6.,    9.,    9.,    9.,    9.,    9.,    9.,    9.,    9.,    9.,    9.,    9.,    9.,    9.,
 QE25  =    0.,  0.06,  0.06,  0.06,  0.06,  0.06,  0.06,  0.06,  0.06,  0.06,  0.06,  0.06,  0.06,  0.06,  0.06,  0.00,  0.06,  0.06,  0.06,  0.06,  0.06,  0.06,  0.06,  0.00,  0.06,  0.00,  0.00,
 RMS25 =  0.00,  0.10,  0.10,  0.10,  0.10,  0.10,  0.10,  0.10,  0.10,  0.32,  0.10,  0.64,  0.30,  0.90,  0.80,  0.00,  0.10,  0.10,  0.00,  0.10,  0.10,  0.10,  0.00,  0.00,  0.00,  0.00,  0.00,
 RMR25 =  0.00,  0.00,  0.00,  0.00,  0.00,  0.00,  1.20,  0.00,  0.00,  0.01,  0.01,  0.05,  0.05,  0.36,  0.03,  0.00,  0.00,  0.00,  0.00,  2.11,  2.11,  2.11,  0.00,  0.00,  0.00,  0.00,  0.00,
 ARM   =   2.0,   2.0,   2.0,   2.0,   2.0,   2.0,   2.0,   2.0,   2.0,   2.0,   2.0,   2.0,   2.0,   2.0,   2.0,   2.0,   2.0,   2.0,   2.0,   2.0,   2.0,   2.0,   2.0,   2.0,   2.0,   2.0,   2.0,
 FOLNMX=  0.00,   1.5,   1.5,   1.5,   1.5,   1.5,   1.5,   1.5,   1.5,   1.5,   1.5,   1.5,   1.5,   1.5,   1.5,  0.00,   1.5,   1.5,   1.5,   1.5,   1.5,   1.5,   1.5,  0.00,   1.5,  0.00,  0.00,
 WDPOOL=  0.00,  0.00,  0.00,  0.00,  0.00,  0.00,  0.00,  1.00,  1.00,  1.00,  1.00,  1.00,  1.00,  1.00,  1.00,  0.00,  0.00,  1.00,  0.00,  0.00,  1.00,  1.00,  0.00,  0.00,  0.00,  0.00,  0.00,
 WRRAT =  0.00,  0.00,  0.00,  0.00,  0.00,  0.00,  0.00,  3.00,  3.00,  3.00,  30.0,  30.0,  30.0,  30.0,  30.0,  0.00,  0.00,  30.0,  0.00,  0.00,  3.00,  3.00,  0.00,  0.00,  0.00,  0.00,  0.00,
 MRP   =  0.00,  0.23,  0.23,  0.23,  0.23,  0.23,  0.17,  0.19,  0.19,  0.40,  0.40,  0.37,  0.23,  0.37,  0.30,  0.00,  0.17,  0.40,  0.00,  0.17,  0.23,  0.20,  0.00,  0.00,  0.20,  0.00,  0.00,

! Monthly values, one row for each month:
 SAIM  =   0.0,   0.3,   0.3,   0.3,   0.3,   0.3,   0.3,   0.2,   0.2,   0.3,   0.4,   0.3,   0.5,   0.4,   0.4,   0.0,   0.2,   0.3,   0.0,   0.1,   0.2,   0.1,   0.0,   0.0,   0.0,   0.0,   0.0,
           0.0,   0.3,   0.3,   0.3,   0.3,   0.3,   0.3,   0.2,   0.2,   0.3,   0.4,   0.3,   0.5,   0.4,   0.4,   0.0,   0.2,   0.3,   0.0,   0.1,   0.2,   0.1,   0.0,   0.0,   0.0,   0.0,   0.0,
           0.0,   0.3,   0.3,   0.3,   0.3,   0.3,   0.3,   0.2,   0.2,   0.3,   0.4,   0.3,   0.5,   0.4,   0.4,   0.0,   0.2,   0.3,   0.0,   0.1,   0.2,   0.1,   0.0,   0.0,   0.0,   0.0,   0.0,
           0.0,   0.3,   0.3,   0.3,   0.3,   0.3,   0.3,   0.2,   0.2,   0.3,   0.4,   0.4,   0.5,   0.3,   0.4,   0.0,   0.2,   0.3,   0.0,   0.1,   0.2,   0.1,   0.0,   0.0,   0.0,   0.0,   0.0,
           0.0,   0.2,   0.2,   0.2,   0.3,   0.3,   0.3,   0.2,   0.2,   0.3,   0.4,   0.4,   0.5,   0.4,   0.4,   0.0,   0.3,   0.3,   0.0,   0.1,   0.2,   0.1,   0.0,   0.0,   0.0,   0.0,   0.0,
           0.0,   0.3,   0.3,   0.3,   0.4,   0.4,   0.4,   0.2,   0.3,   0.4,   0.4,   0.7,   0.5,   0.5,   0.4,   0.0,   0.4,   0.4,   0.0,   0.2,   0.2,   0.2,   0.0,   0.0,   0.0,   0.0,   0.0,
           0.0,   0.4,   0.4,   0.4,   0.6,   0.6,   0.8,   0.4,   0.6,   0.8,   0.9,   1.3,   0.5,   0.5,   0.7,   0.0,   0.6,   0.6,   0.0,   0.4,   0.4,   0.4,   0.0,   0.0,   0.0,   0.0,   0.0,
           0.0,   0.5,   0.5,   0.5,   0.9,   0.9,   1.3,   0.6,   0.9,   1.2,   1.2,   1.2,   0.5,   0.6,   0.8,   0.0,   0.9,   0.9,   0.0,   0.6,   0.6,   0.6,   0.0,   0.0,   0.0,   0.0,   0.0,
           0.0,   0.4,   0.4,   0.4,   0.7,   1.0,   1.1,   0.8,   1.0,   1.3,   1.6,   1.0,   0.5,   0.6,   1.0,   0.0,   0.7,   1.0,   0.0,   0.7,   0.8,   0.7,   0.0,   0.0,   0.0,   0.0,   0.0,
           0.0,   0.3,   0.3,   0.3,   0.3,   0.8,   0.4,   0.7,   0.6,   0.7,   1.4,   0.8,   0.5,   0.7,   1.0,   0.0,   0.3,   0.8,   0.0,   0.5,   0.7,   0.5,   0.0,   0.0,   0.0,   0.0,   0.0,
           0.0,   0.3,   0.3,   0.3,   0.3,   0.4,   0.4,   0.3,   0.3,   0.4,   0.6,   0.6,   0.5,   0.6,   0.5,   0.0,   0.3,   0.4,   0.0,   0.3,   0.3,   0.3,   0.0,   0.0,   0.0,   0.0,   0.0,
           0.0,   0.3,   0.3,   0.3,   0.3,   0.3,   0.4,   0.2,   0.3,   0.4,   0.4,   0.5,   0.5,   0.5,   0.4,   0.0,   0.3,   0.4,   0.0,   0.2,   0.2,   0.2,   0.0,   0.0,   0.0,   0.0,   0.0,

 LAIM  =   0.0,   0.0,   0.0,   0.0,   0.2,   0.0,   0.4,   0.0,   0.2,   0.3,   0.0,   0.0,   4.5,   4.0,   2.0,   0.0,   0.2,   0.2,   0.0,   0.2,   1.0,   0.6,   0.0,   0.0,   0.0,   0.0,   0.0,
           0.0,   0.0,   0.0,   0.0,   0.3,   0.0,   0.5,   0.0,   0.3,   0.3,   0.0,   0.0,   4.5,   4.0,   2.0,   0.0,   0.3,   0.3,   0.0,   0.3,   1.0,   0.6,   0.0,   0.0,   0.0,   0.0,   0.0,
           0.0,   0.0,   0.0,   0.0,   0.3,   0.2,   0.6,   0.2,   0.4,   0.5,   0.3,   0.0,   4.5,   4.0,   2.2,   0.0,   0.3,   0.3,   0.0,   0.3,   1.1,   0.7,   0.0,   0.0,   0.0,   0.0,   0.0,
           0.0,   0.0,   0.0,   0.0,   0.4,   0.6,   0.7,   0.6,   0.7,   0.8,   1.2,   0.6,   4.5,   4.0,   2.6,   0.0,   0.4,   0.6,   0.0,   0.4,   1.3,   0.8,   0.0,   0.0,   0.0,   0.0,   0.0,
           0.0,   1.0,   1.0,   1.0,   1.1,   2.0,   1.2,   1.5,   1.4,   1.8,   3.0,   1.2,   4.5,   4.0,   3.5,   0.0,   1.1,   2.0,   0.0,   0.6,   1.7,   1.2,   0.0,   0.0,   0.0,   0.0,   0.0,
           0.0,   2.0,   2.0,   2.0,   2.5,   3.3,   3.0,   2.3,   2.6,   3.6,   4.7,   2.0,   4.5,   4.0,   4.3,   0.0,   2.5,   3.3,   0.0,   1.5,   2.1,   1.8,   0.0,   0.0,   0.0,   0.0,   0.0,
           0.0,   3.0,   3.0,   3.0,   3.2,   3.7,   3.5,   2.3,   2.9,   3.8,   4.5,   2.6,   4.5,   4.0,   4.3,   0.0,   3.2,   3.7,   0.0,   1.7,   2.1,   1.8,   0.0,   0.0,   0.0,   0.0,   0.0,
           0.0,   3.0,   3.0,   3.0,   2.2,   3.2,   1.5,   1.7,   1.6,   2.1,   3.4,   1.7,   4.5,   4.0,   3.7,   0.0,   2.2,   3.2,   0.0,   0.8,   1.8,   1.3,   0.0,   0.0,   0.0,   0.0,   0.0,
           0.0,   1.5,   1.5,   1.5,   1.1,   1.3,   0.7,   0.6,   0.7,   0.9,   1.2,   1.0,   4.5,   4.0,   2.6,   0.0,   1.1,   1.3,   0.0,   0.4,   1.3,   0.8,   0.0,   0.0,   0.0,   0.0,   0.0,
           0.0,   0.0,   0.0,   0.0,   0.3,   0.2,   0.6,   0.2,   0.4,   0.5,   0.3,   0.5,   4.5,   4.0,   2.2,   0.0,   0.3,   0.3,   0.0,   0.3,   1.1,   0.7,   0.0,   0.0,   0.0,   0.0,   0.0,
           0.0,   0.0,   0.0,   0.0,   0.3,   0.0,   0.5,   0.0,   0.3,   0.3,   0.0,   0.2,   4.5,   4.0,   2.0,   0.0,   0.3,   0.3,   0.0,   0.2,   1.0,   0.6,   0.0,   0.0,   0.0,   0.0,   0.0,
           0.0,   0.0,   0.0,   0.0,   0.2,   0.0,   0.4,   0.0,   0.2,   0.3,   0.0,   0.0,   4.5,   4.0,   2.0,   0.0,   0.2,   0.2,   0.0,   0.2,   1.0,   0.6,   0.0,   0.0,   0.0,   0.0,   0.0,

 SLAREA=0.0228,0.0200,0.0200,0.0295,0.0223,0.0277,0.0060,0.0227,0.0188,0.0236,0.0258,0.0200,0.0200,0.0090,0.0223,0.0422,0.0390,  0.02,  0.02,  0.02,  0.02,  0.02,  0.02,  0.02,  0.02,  0.02,  0.02,

! Five types, one row for each type.
 EPS   = 41.87,  0.00,  0.00,  2.52,  0.04, 17.11,  0.02, 21.62,  0.11, 22.80, 46.86,  0.00,  0.00,  0.46, 30.98,  2.31,  1.63,   0.0,   0.0,   0.0,   0.0,   0.0,   0.0,   0.0,   0.0,   0.0,   0.0,
          0.98,  0.00,  0.00,  0.16,  0.09,  0.28,  0.05,  0.92,  0.22,  0.59,  0.38,  0.00,  0.00,  3.34,  0.96,  1.47,  1.07,   0.0,   0.0,   0.0,   0.0,   0.0,   0.0,   0.0,   0.0,   0.0,   0.0,
          1.82,  0.00,  0.00,  0.23,  0.05,  0.81,  0.03,  1.73,  1.26,  1.37,  1.84,  0.00,  0.00,  1.85,  1.84,  1.70,  1.21,   0.0,   0.0,   0.0,   0.0,   0.0,   0.0,   0.0,   0.0,   0.0,   0.0,
           0.0,   0.0,   0.0,   0.0,   0.0,   0.0,   0.0,   0.0,   0.0,   0.0,   0.0,   0.0,   0.0,   0.0,   0.0,   0.0,   0.0,   0.0,   0.0,   0.0,   0.0,   0.0,   0.0,   0.0,   0.0,   0.0,   0.0,
           0.0,   0.0,   0.0,   0.0,   0.0,   0.0,   0.0,   0.0,   0.0,   0.0,   0.0,   0.0,   0.0,   0.0,   0.0,   0.0,   0.0,   0.0,   0.0,   0.0,   0.0,   0.0,   0.0,   0.0,   0.0,   0.0,   0.0,
/

&noah_mp_modis_veg_categories
 VEG_DATASET_DESCRIPTION = "modified igbp modis noah"
 NVEG = 20
/

&noah_mp_modis_veg_categories
 VEG_DATASET_DESCRIPTION = "modified igbp modis noah"
 NVEG = 20
/

&noah_mp_modis_parameters
! 1          'Evergreen Needleleaf Forest'                       -> USGS 14
! 2,         'Evergreen Broadleaf Forest'                        -> USGS 13
! 3,         'Deciduous Needleleaf Forest'                       -> USGS 12
! 4,         'Deciduous Broadleaf Forest'                        -> USGS 11
! 5,         'Mixed Forests'                                     -> USGS 15
! 6,         'Closed Shrublands'                                 -> USGS  8 "shrubland"
! 7,         'Open Shrublands'                                   -> USGS  9 "shrubland/grassland"
! 8,         'Woody Savannas'                                    -> USGS  8 "shrubland"
! 9,         'Savannas'                                          -> USGS 10
! 10,        'Grasslands'                                        -> USGS  7
! 11         'Permanent wetlands'                                -> avg of USGS 17 and 18 (herb. wooded wetland)
! 12,        'Croplands'                                         -> USGS  2 "dryland cropland"
! 13,        'Urban and Built-Up'                                -> USGS  1
! 14         'cropland/natural vegetation mosaic'                -> USGS  5 "cropland/grassland"
! 15,        'Snow and Ice'                                      -> USGS 24
! 16,        'Barren or Sparsely Vegetated'                      -> USGS 19
! 17,        'Water'                                             -> USGS 16
! 18,        'Wooded Tundra'                                     -> USGS 21
! 19,        'Mixed Tundra'                                      -> USGS 22
! 20,        'Barren Tundra'                                     -> USGS 23

 ISURBAN   = 13
 ISWATER   = 17
 ISBARREN  = 16
 ISSNOW    = 15
 EBLFOREST =  2

 !---------------------------------------------------------------------------------------------------------------------------------------------------------------------
 !          1       2       3       4       5       6       7       8       9      10      11      12      13      14      15      16      17      18      19      20
 !---------------------------------------------------------------------------------------------------------------------------------------------------------------------
 CH2OP =   0.1,    0.1,    0.1,    0.1,    0.1,    0.1,    0.1,    0.1,    0.1,    0.1,    0.1,    0.1,    0.1,    0.1,    0.1,    0.1,    0.1,    0.1,    0.1,    0.1,
 DLEAF =  0.04,   0.04,   0.04,   0.04,   0.04,   0.04,   0.04,   0.04,   0.04,   0.04,   0.04,   0.04,   0.04,   0.04,   0.04,   0.04,   0.04,   0.04,   0.04,   0.04,
 Z0MVT =  1.09,   1.10,   0.85,   0.80,   0.80,   0.20,   0.06,   0.60,   0.50,   0.12,   0.30,   0.15,   1.00,   0.14,   0.00,   0.00,   0.00,   0.30,   0.20,   0.03,
 HVT   =  20.0,   20.0,   18.0,   16.0,   16.0,   1.10,   1.10,   13.0,   10.0,   1.00,   5.00,   2.00,   15.0,   1.50,   0.00,   0.00,   0.00,   4.00,   2.00,   0.50,
 HVB   =  8.50,   8.00,   7.00,   11.5,   10.0,   0.10,   0.10,   0.10,   0.10,   0.05,   0.10,   0.10,   1.00,   0.10,   0.00,   0.00,   0.00,   0.30,   0.20,   0.10,
 DEN   =  0.28,   0.02,   0.28,   0.10,   0.10,   10.0,   10.0,   10.0,   0.02,   100.,   5.05,   25.0,   0.01,   25.0,   0.00,   0.01,   0.01,   1.00,   1.00,   1.00,
 RC    =  1.20,   3.60,   1.20,   1.40,   1.40,   0.12,   0.12,   0.12,   3.00,   0.03,   0.75,   0.08,   1.00,   0.08,   0.00,   0.01,   0.01,   0.30,   0.30,   0.30,

 ! Row 1:  Vis
 ! Row 2:  Near IR
 RHOL  =  0.07,   0.10,   0.07,   0.10,   0.10,   0.07,   0.07,   0.07,   0.10,   0.11,  0.105,   0.11,   0.00,   0.11,   0.00,   0.00,   0.00,   0.10,   0.10,   0.10,
          0.35,   0.45,   0.35,   0.45,   0.45,   0.35,   0.35,   0.35,   0.45,   0.58,  0.515,   0.58,   0.00,   0.58,   0.00,   0.00,   0.00,   0.45,   0.45,   0.45,

 ! Row 1:  Vis
 ! Row 2:  Near IR
 RHOS  =  0.16,   0.16,   0.16,   0.16,   0.16,   0.16,   0.16,   0.16,   0.16,   0.36,   0.26,   0.36,   0.00,   0.36,   0.00,   0.00,   0.00,   0.16,   0.16,   0.16,
          0.39,   0.39,   0.39,   0.39,   0.39,   0.39,   0.39,   0.39,   0.39,   0.58,  0.485,   0.58,   0.00,   0.58,   0.00,   0.00,   0.00,   0.39,   0.39,   0.39,

 ! Row 1:  Vis
 ! Row 2:  Near IR
 TAUL  =  0.05,   0.05,   0.05,   0.05,   0.05,   0.05,   0.05,   0.05,   0.05,   0.07,   0.06,   0.07,   0.00,   0.07,   0.00,   0.00,   0.00,   0.05,   0.05,   0.05,
          0.10,   0.25,   0.10,   0.25,   0.25,   0.10,   0.10,   0.10,   0.25,   0.25,   0.25,   0.25,   0.00,   0.25,   0.00,   0.00,   0.00,   0.25,   0.25,   0.25,

 ! Row 1:  Vis
 ! Row 2:  Near IR
 TAUS  = 0.001,  0.001,  0.001,  0.001,  0.001,  0.001,  0.001,  0.001,  0.001,  0.220, 0.1105,  0.220,  0.000,  0.220,  0.000,  0.000,  0.000,  0.001,  0.001,  0.001,
         0.001,  0.001,  0.001,  0.001,  0.001,  0.001,  0.001,  0.001,  0.001,  0.380, 0.1905,  0.380,  0.000,  0.380,  0.000,  0.000,  0.000,  0.001,  0.001,  0.001,

 XL    = 0.010,  0.010,  0.010,  0.250,  0.250,  0.010,  0.010,  0.010,  0.010,  -0.30, -0.025,  -0.30,  0.000,  -0.30,  0.000,  0.000,  0.000,  0.250,  0.250,  0.250,
! CWPVT =   3.0,    3.0,    3.0,    3.0,    3.0,    3.0,    3.0,    3.0,    3.0,    3.0,    3.0,    3.0,    3.0,    3.0,    3.0,    3.0,    3.0,    3.0,    3.0,    3.0,
 CWPVT =  0.18,   0.18,   0.18,   0.18,   0.18,   0.18,   0.18,   0.18,   0.18,   0.18,   0.18,   0.18,   0.18,   0.18,   0.18,   0.18,   0.18,   0.18,   0.18,   0.18,
 C3PSN =   1.0,    1.0,    1.0,    1.0,    1.0,    1.0,    1.0,    1.0,    1.0,    1.0,    1.0,    1.0,    1.0,    1.0,    1.0,    1.0,    1.0,    1.0,    1.0,    1.0,
 KC25  =  30.0,   30.0,   30.0,   30.0,   30.0,   30.0,   30.0,   30.0,   30.0,   30.0,   30.0,   30.0,   30.0,   30.0,   30.0,   30.0,   30.0,   30.0,   30.0,   30.0,
 AKC   =   2.1,    2.1,    2.1,    2.1,    2.1,    2.1,    2.1,    2.1,    2.1,    2.1,    2.1,    2.1,    2.1,    2.1,    2.1,    2.1,    2.1,    2.1,    2.1,    2.1,
 KO25  =  3.E4,   3.E4,   3.E4,   3.E4,   3.E4,   3.E4,   3.E4,   3.E4,   3.E4,   3.E4,   3.E4,   3.E4,   3.E4,   3.E4,   3.E4,   3.E4,   3.E4,   3.E4,   3.E4,   3.E4,
 AKO   =   1.2,    1.2,    1.2,    1.2,    1.2,    1.2,    1.2,    1.2,    1.2,    1.2,    1.2,    1.2,    1.2,    1.2,    1.2,    1.2,    1.2,    1.2,    1.2,    1.2,
 AVCMX =   2.4,    2.4,    2.4,    2.4,    2.4,    2.4,    2.4,    2.4,    2.4,    2.4,    2.4,    2.4,    2.4,    2.4,    2.4,    2.4,    2.4,    2.4,    2.4,    2.4,
 AQE   =   1.0,    1.0,    1.0,    1.0,    1.0,    1.0,    1.0,    1.0,    1.0,    1.0,    1.0,    1.0,    1.0,    1.0,    1.0,    1.0,    1.0,    1.0,    1.0,    1.0,

 LTOVRC=   0.5,   0.55,    0.2,   0.55,    0.5,   0.65,   0.65,   0.65,   0.65,   0.50,    1.4,    1.6,    0.0,    1.2,    0.0,    0.0,    0.0,    1.3,    1.4,    1.0,
 DILEFC=  1.20,   0.50,   1.80,   0.60,   0.80,   0.20,   0.20,   0.20,   0.50,   0.20,    0.4,   0.50,   0.00,   0.35,   0.00,   0.00,   0.00,   0.30,   0.40,   0.30,
 DILEFW=  0.20,   4.00,   0.20,   0.20,   0.20,   0.20,   0.20,   0.20,   0.50,   0.10,    0.2,   0.20,   0.00,   0.20,   0.00,   0.00,   0.00,   0.20,   0.20,   0.20,
 RMF25 =  3.00,   0.65,   4.00,   3.00,   3.00,   0.26,   0.26,   0.26,   0.80,   1.80,    3.2,   1.00,   0.00,   1.45,   0.00,   0.00,   0.00,   3.00,   3.00,   3.00,
 SLA   =    80,     80,     80,     80,     80,     60,     60,     60,     50,     60,     80,     80,     60,     80,      0,      0,      0,     80,     80,     80,
 FRAGR =  0.10,   0.20,   0.10,   0.20,   0.10,   0.20,   0.20,   0.20,   0.20,   0.20,    0.1,   0.20,   0.00,   0.20,   0.00,   0.10,   0.00,   0.10,   0.10,   0.10,
 TMIN  =   265,    273,    268,    273,    268,    273,    273,    273,    273,    273,    268,    273,      0,    273,      0,      0,      0,    268,    268,    268,
 VCMX25=  50.0,   60.0,   60.0,   60.0,   55.0,   40.0,   40.0,   40.0,   40.0,   40.0,   50.0,   80.0,   0.00,   60.0,   0.00,   0.00,   0.00,   50.0,   50.0,   50.0,
 TDLEF =   278,    278,    268,    278,    268,    278,    278,    278,    278,    278,    268,    278,    278,    278,      0,      0,      0,    268,    268,    268,
 BP    =  2.E3,   2.E3,   2.E3,   2.E3,   2.E3,   2.E3,   2.E3,   2.E3,   2.E3,   2.E3,   2.E3,   2.E3,  1.E15,   2.E3,  1.E15,   2.E3,  1.E15,   2.E3,   2.E3,   2.E3,
 MP    =    6.,     9.,     6.,     9.,     9.,     9.,     9.,     9.,     9.,     9.,     9.,     9.,     9.,     9.,     9.,     9.,     9.,     9.,     9.,     9.,
 QE25  =  0.06,   0.06,   0.06,   0.06,   0.06,   0.06,   0.06,   0.06,   0.06,   0.06,   0.06,   0.06,   0.00,   0.06,   0.00,   0.06,   0.00,   0.06,   0.06,   0.06,
 RMS25 =  0.90,   0.30,   0.64,   0.10,   0.80,   0.10,   0.10,   0.10,   0.32,   0.10,   0.10,   0.10,   0.00,   0.10,   0.00,   0.00,   0.00,   0.10,   0.10,   0.00,
 RMR25 =  0.36,   0.05,   0.05,   0.01,   0.03,   0.00,   0.00,   0.00,   0.01,   1.20,    0.0,   0.00,   0.00,   0.00,   0.00,   0.00,   0.00,   2.11,   2.11,   0.00,
 ARM   =   2.0,    2.0,    2.0,    2.0,    2.0,    2.0,    2.0,    2.0,    2.0,    2.0,    2.0,    2.0,    2.0,    2.0,    2.0,    2.0,    2.0,    2.0,    2.0,    2.0,
 FOLNMX=   1.5,    1.5,    1.5,    1.5,    1.5,    1.5,    1.5,    1.5,    1.5,    1.5,    1.5,    1.5,   0.00,    1.5,   0.00,    1.5,   0.00,    1.5,    1.5,    1.5,
 WDPOOL=  1.00,   1.00,   1.00,   1.00,   1.00,   1.00,   1.00,   1.00,   1.00,   0.00,    0.5,   0.00,   0.00,   0.00,   0.00,   0.00,   0.00,   1.00,   1.00,   0.00,
 WRRAT =  30.0,   30.0,   30.0,   30.0,   30.0,   3.00,   3.00,   3.00,   3.00,   0.00,   15.0,   0.00,   0.00,   0.00,   0.00,   0.00,   0.00,   3.00,   3.00,   0.00,
 MRP   =  0.37,   0.23,   0.37,   0.40,   0.30,   0.19,   0.19,   0.19,   0.40,   0.17,  0.285,   0.23,   0.00,   0.23,   0.00,   0.00,   0.00,   0.23,   0.20,   0.00,

! Monthly values, one row for each month:
 SAIM  =   0.4,    0.5,    0.3,    0.4,    0.4,    0.3,    0.2,    0.4,    0.3,    0.3,    0.3,    0.3,    0.0,    0.3,    0.0,    0.0,    0.0,    0.2,    0.1,    0.0,
           0.4,    0.5,    0.3,    0.4,    0.4,    0.3,    0.2,    0.4,    0.3,    0.3,    0.3,    0.3,    0.0,    0.3,    0.0,    0.0,    0.0,    0.2,    0.1,    0.0,
           0.4,    0.5,    0.3,    0.4,    0.4,    0.3,    0.2,    0.4,    0.3,    0.3,    0.3,    0.3,    0.0,    0.3,    0.0,    0.0,    0.0,    0.2,    0.1,    0.0,
           0.3,    0.5,    0.4,    0.4,    0.4,    0.3,    0.2,    0.4,    0.3,    0.3,    0.3,    0.3,    0.0,    0.3,    0.0,    0.0,    0.0,    0.2,    0.1,    0.0,
           0.4,    0.5,    0.4,    0.4,    0.4,    0.3,    0.2,    0.4,    0.3,    0.3,    0.3,    0.3,    0.0,    0.3,    0.0,    0.0,    0.0,    0.2,    0.1,    0.0,
           0.5,    0.5,    0.7,    0.4,    0.4,    0.3,    0.2,    0.4,    0.4,    0.4,    0.4,    0.3,    0.0,    0.4,    0.0,    0.0,    0.0,    0.2,    0.2,    0.0,
           0.5,    0.5,    1.3,    0.9,    0.7,    0.6,    0.4,    0.7,    0.8,    0.8,    0.6,    0.4,    0.0,    0.6,    0.0,    0.0,    0.0,    0.4,    0.4,    0.0,
           0.6,    0.5,    1.2,    1.2,    0.8,    0.9,    0.6,    1.2,    1.2,    1.3,    0.9,    0.5,    0.0,    0.9,    0.0,    0.0,    0.0,    0.6,    0.6,    0.0,
           0.6,    0.5,    1.0,    1.6,    1.0,    1.2,    0.8,    1.4,    1.3,    1.1,    0.9,    0.4,    0.0,    0.7,    0.0,    0.0,    0.0,    0.8,    0.7,    0.0,
           0.7,    0.5,    0.8,    1.4,    1.0,    0.9,    0.7,    1.1,    0.7,    0.4,    0.6,    0.3,    0.0,    0.3,    0.0,    0.0,    0.0,    0.7,    0.5,    0.0,
           0.6,    0.5,    0.6,    0.6,    0.5,    0.4,    0.3,    0.5,    0.4,    0.4,    0.4,    0.3,    0.0,    0.3,    0.0,    0.0,    0.0,    0.3,    0.3,    0.0,
           0.5,    0.5,    0.5,    0.4,    0.4,    0.3,    0.2,    0.4,    0.4,    0.4,    0.3,    0.3,    0.0,    0.3,    0.0,    0.0,    0.0,    0.2,    0.2,    0.0,

 LAIM  =   4.0,    4.5,    0.0,    0.0,    2.0,    0.0,    0.0,    0.2,    0.3,    0.4,    0.2,    0.0,    0.0,    0.2,    0.0,    0.0,    0.0,    1.0,    0.6,    0.0,
           4.0,    4.5,    0.0,    0.0,    2.0,    0.0,    0.0,    0.2,    0.3,    0.5,    0.3,    0.0,    0.0,    0.3,    0.0,    0.0,    0.0,    1.0,    0.6,    0.0,
           4.0,    4.5,    0.0,    0.3,    2.2,    0.3,    0.2,    0.4,    0.5,    0.6,    0.3,    0.0,    0.0,    0.3,    0.0,    0.0,    0.0,    1.1,    0.7,    0.0,
           4.0,    4.5,    0.6,    1.2,    2.6,    0.9,    0.6,    1.0,    0.8,    0.7,    0.5,    0.0,    0.0,    0.4,    0.0,    0.0,    0.0,    1.3,    0.8,    0.0,
           4.0,    4.5,    1.2,    3.0,    3.5,    2.2,    1.5,    2.4,    1.8,    1.2,    1.5,    1.0,    0.0,    1.1,    0.0,    0.0,    0.0,    1.7,    1.2,    0.0,
           4.0,    4.5,    2.0,    4.7,    4.3,    3.5,    2.3,    4.1,    3.6,    3.0,    2.9,    2.0,    0.0,    2.5,    0.0,    0.0,    0.0,    2.1,    1.8,    0.0,
           4.0,    4.5,    2.6,    4.5,    4.3,    3.5,    2.3,    4.1,    3.8,    3.5,    3.5,    3.0,    0.0,    3.2,    0.0,    0.0,    0.0,    2.1,    1.8,    0.0,
           4.0,    4.5,    1.7,    3.4,    3.7,    2.5,    1.7,    2.7,    2.1,    1.5,    2.7,    3.0,    0.0,    2.2,    0.0,    0.0,    0.0,    1.8,    1.3,    0.0,
           4.0,    4.5,    1.0,    1.2,    2.6,    0.9,    0.6,    1.0,    0.9,    0.7,    1.2,    1.5,    0.0,    1.1,    0.0,    0.0,    0.0,    1.3,    0.8,    0.0,
           4.0,    4.5,    0.5,    0.3,    2.2,    0.3,    0.2,    0.4,    0.5,    0.6,    0.3,    0.0,    0.0,    0.3,    0.0,    0.0,    0.0,    1.1,    0.7,    0.0,
           4.0,    4.5,    0.2,    0.0,    2.0,    0.0,    0.0,    0.2,    0.3,    0.5,    0.3,    0.0,    0.0,    0.3,    0.0,    0.0,    0.0,    1.0,    0.6,    0.0,
           4.0,    4.5,    0.0,    0.0,    2.0,    0.0,    0.0,    0.2,    0.3,    0.4,    0.2,    0.0,    0.0,    0.2,    0.0,    0.0,    0.0,    1.0,    0.6,    0.0,

!  LAIM  =   5.1,    3.3,    0.0,    1.9,    3.0,    1.0,    0.8,    0.5,    0.5,    0.7,    0.3,    1.8,    0.0,    2.4,    0.0,    0.0,    0.0,    0.6,    0.7,    0.0,
!            5.0,    3.6,    0.0,    1.9,    2.9,    1.0,    0.6,    1.0,    1.0,    0.7,   0.45,    1.9,    0.0,    2.6,    0.0,    0.0,    0.0,    0.4,    0.4,    0.0,
!            5.1,    4.4,    0.0,    2.1,    3.3,    1.0,    0.8,    1.8,    1.7,    1.1,    0.5,    2.6,    0.0,    2.9,    0.0,    0.0,    0.0,    0.4,    0.4,    0.0,
!            5.3,    5.4,    0.6,    2.5,    4.0,    1.0,    0.9,    2.6,    2.9,    1.7,   0.55,    3.9,    0.0,    3.4,    0.0,    0.0,    0.0,    0.4,    0.4,    0.0,
!            5.9,    6.2,    1.2,    3.1,    5.0,    1.0,    1.5,    3.4,    3.6,    2.5,   0.85,    5.2,    0.0,    4.0,    0.0,    0.0,    0.0,    0.8,    1.0,    0.0,
!            6.3,    6.4,    2.0,    3.3,    5.4,    1.0,    2.1,    3.6,    3.5,    2.7,   1.85,    5.6,    0.0,    4.2,    0.0,    0.0,    0.0,    2.0,    2.3,    0.0,
!            6.4,    5.9,    2.6,    3.3,    5.4,    1.0,    2.6,    3.4,    2.9,    2.8,    2.6,    5.3,    0.0,    4.1,    0.0,    0.0,    0.0,    3.3,    3.3,    0.0,
!            6.1,    5.6,    1.7,    3.1,    5.0,    1.0,    2.4,    3.2,    2.7,    2.4,   2.25,    4.5,    0.0,    3.8,    0.0,    0.0,    0.0,    3.3,    3.0,    0.0,
!            6.0,    5.3,    1.0,    2.9,    4.8,    1.0,    2.2,    2.9,    2.4,    2.1,    1.6,    4.1,    0.0,    3.7,    0.0,    0.0,    0.0,    2.8,    3.0,    0.0,
!            5.5,    4.7,    0.5,    2.6,    4.1,    1.0,    1.6,    2.3,    1.8,    1.7,    1.1,    3.2,    0.0,    3.2,    0.0,    0.0,    0.0,    1.4,    1.4,    0.0,
!            5.2,    4.0,    0.2,    2.2,    3.4,    1.0,    1.0,    1.5,    1.4,    1.3,   0.65,    2.3,    0.0,    2.7,    0.0,    0.0,    0.0,    0.5,    0.7,    0.0,
!            5.1,    3.2,    0.0,    1.9,    3.0,    1.0,    0.9,    0.7,    0.7,    0.8,    0.4,    1.7,    0.0,    2.4,    0.0,    0.0,    0.0,    0.8,    0.7,    0.0,

 SLAREA=0.0090, 0.0200, 0.0200, 0.0258, 0.0223, 0.0227, 0.0188, 0.0227, 0.0236, 0.0060, 0.0295, 0.0200, 0.0228, 0.0223,   0.02,   0.02, 0.0422,   0.02,   0.02,   0.02,

! Five types, one row for each type.
 EPS   =  0.46,   0.00,   0.00,  46.86,  30.98,  21.62,   0.11,  21.62,  22.80,   0.02,  0.815,   0.00,  41.87,   0.04,    0.0,    0.0,   2.31,    0.0,    0.0,    0.0,
          3.34,   0.00,   0.00,   0.38,   0.96,   0.92,   0.22,   0.92,   0.59,   0.05,  0.535,   0.00,   0.98,   0.09,    0.0,    0.0,   1.47,    0.0,    0.0,    0.0,
          1.85,   0.00,   0.00,   1.84,   1.84,   1.73,   1.26,   1.73,   1.37,   0.03,  0.605,   0.00,   1.82,   0.05,    0.0,    0.0,   1.70,    0.0,    0.0,    0.0,
           0.0,    0.0,    0.0,    0.0,    0.0,    0.0,    0.0,    0.0,    0.0,    0.0,    0.0,    0.0,    0.0,    0.0,    0.0,    0.0,    0.0,    0.0,    0.0,    0.0,
           0.0,    0.0,    0.0,    0.0,    0.0,    0.0,    0.0,    0.0,    0.0,    0.0,    0.0,    0.0,    0.0,    0.0,    0.0,    0.0,    0.0,    0.0,    0.0,    0.0,
/
