   1.5639772826553155e-01   2.7809889107727770e-01   4.8020604561362745e-01   7.9648126513218642e-01   1.2659787086999614e+00   1.9241887743483090e+00   2.7908654657899348e+00   3.8560584555569193e+00   5.0861906974929241e+00   6.4179638370878251e+00   7.7943014570919900e+00
   1.5639957008114891e-01   2.7822810738238957e-01   4.8050793234607170e-01   7.9697501491099842e-01   1.2668752360470421e+00   1.9262638446156473e+00   2.7961624817536261e+00   3.8717308358515794e+00   5.1155291573986403e+00   6.4614210822475115e+00   7.8262594103452727e+00
   1.5650876648905410e-01   2.7855432058467500e-01   4.8137376256971720e-01   7.9867256595856873e-01   1.2710749455989827e+00   1.9361421928623059e+00   2.8166922574572339e+00   3.9108430128724194e+00   5.1837615730424034e+00   6.5709093855250416e+00   7.9840141155534354e+00
   1.5671260025266065e-01   2.7906660483984069e-01   4.8266918501487055e-01   8.0174436933475590e-01   1.2785464978603898e+00   1.9525809560543763e+00   2.8509001639137210e+00   3.9763772602067320e+00   5.2979091138525121e+00   6.7466419277753999e+00   8.2382272733933490e+00
   1.5700936320065750e-01   2.7977258922234682e-01   4.8443184363480896e-01   8.0607995601056359e-01   1.2887838595036385e+00   1.9757528311291424e+00   2.8988541877311320e+00   4.0663371005509532e+00   5.4497717581476905e+00   6.9844581290819860e+00   8.5705892900996901e+00
   1.5739843667689968e-01   2.8068659443131594e-01   4.8668515549677238e-01   8.1168349703034437e-01   1.3021174979325281e+00   2.0054451631002905e+00   2.9599791801847033e+00   4.1800506558819990e+00   5.6410494432740705e+00   7.2692306245064202e+00   8.9682964144608519e+00
   1.5787902571311463e-01   2.8179615719869844e-01   4.8944703886296281e-01   8.1849292187244771e-01   1.3182269389256476e+00   2.0414550479983120e+00   3.0328274036163805e+00   4.3144678191301296e+00   5.8622924383382298e+00   7.5988720504745544e+00   9.3974710890347950e+00
   1.5844945192404225e-01   2.8311402891351634e-01   4.9270194553039914e-01   8.2656071065086678e-01   1.3375154616162206e+00   2.0836887250119105e+00   3.1186405574957234e+00   4.4698582934540951e+00   6.1139425630227890e+00   7.9644733849363831e+00   9.8685198956091824e+00
   1.5910962819020824e-01   2.8463954443503781e-01   4.9648035897538989e-01   8.3586783792982544e-01   1.3595199116913932e+00   2.1323688639974847e+00   3.2156057569762027e+00   4.6429031234947757e+00   6.3889827646401898e+00   8.3459504513414373e+00   1.0343139489044091e+01
   1.5985810161190273e-01   2.8636436374385710e-01   5.0073792002039852e-01   8.4635168775798775e-01   1.3842360323497900e+00   2.1868374247048195e+00   3.3247173242362038e+00   4.8329401888738062e+00   6.6825691450655853e+00   8.7404670627174852e+00   1.0829174764305478e+01
   1.6069378005887813e-01   2.8829050456164396e-01   5.0551977887607791e-01   8.5815922483065776e-01   1.4121622371879283e+00   2.2475524206554240e+00   3.4438119439365948e+00   5.0391149099555008e+00   6.9848998876729951e+00   9.1449209880264561e+00   1.1313673111891603e+01
   1.6161890358154096e-01   2.9041811661890904e-01   5.1074014607009133e-01   8.7109806072281515e-01   1.4425570685856428e+00   2.3139567468965794e+00   3.5703654107440030e+00   5.2529565776853531e+00   7.3047461026210669e+00   9.5519658669138323e+00   1.1787058491137444e+01
   1.6263439742257901e-01   2.9274087513047675e-01   5.1651468910075948e-01   8.8539318776263087e-01   1.4758772570211818e+00   2.3853344471467608e+00   3.7049579700550339e+00   5.4785288721309229e+00   7.6254533998637157e+00   9.9610023888789954e+00   1.2242894445170919e+01
   1.6373458937160024e-01   2.9528247844075395e-01   5.2280088670123348e-01   9.0075644895658513e-01   1.5120226408426447e+00   2.4614774453018669e+00   3.8489331898855710e+00   5.7156949098667837e+00   7.9521828434687478e+00   1.0372008175464543e+01   1.2707159587862989e+01
   1.6492621200725921e-01   2.9802010498933384e-01   5.2956084907295065e-01   9.1733232726045344e-01   1.5501256707778879e+00   2.5430627957401555e+00   4.0007801293759968e+00   5.9504889969346806e+00   8.2845509196060192e+00   1.0767701024801895e+01   1.3136975053108870e+01
   1.6620750192294054e-01   3.0095127393333598e-01   5.3681964584347952e-01   9.3520422226107769e-01   1.5925348903126348e+00   2.6298198827125532e+00   4.1568084302007833e+00   6.1957945093404447e+00   8.6106949156276045e+00   1.1151057677507865e+01   1.3547648747665193e+01
   1.6757402192588700e-01   3.0409245251449590e-01   5.4467052528430315e-01   9.5423334499187717e-01   1.6361296776672987e+00   2.7199505486373567e+00   4.3197982134025779e+00   6.4438650984197352e+00   8.9383184863335288e+00   1.1529162707197102e+01   1.3952383483543159e+01
   1.6903205660575793e-01   3.0744520966523226e-01   5.5293160109560802e-01   9.7440476508099039e-01   1.6821072038351730e+00   2.8147299797155085e+00   4.4881886874375851e+00   6.6947503859856425e+00   9.2642542707498450e+00   1.1901871500788971e+01   1.4335928668754661e+01
   1.7058476896457364e-01   3.1100930028048879e-01   5.6166194759134669e-01   9.9577702372633325e-01   1.7307459148058513e+00   2.9132379586654764e+00   4.6613509469330126e+00   6.9494573911983650e+00   9.5867024531407026e+00   1.2262598870999170e+01   1.4708247772207471e+01
   1.7222058505835491e-01   3.1476199105250657e-01   5.7088381343557160e-01   1.0184005352766121e+00   1.7820915440175753e+00   3.0157430839453383e+00   4.8345897321315476e+00   7.2035928979093597e+00   9.9038743231278659e+00   1.2612918794650156e+01   1.5062548810405559e+01
   1.7394494330255839e-01   3.1873570450026989e-01   5.8067694372324752e-01   1.0416653534495453e+00   1.8356317086735885e+00   3.1224591988843144e+00   5.0123302847199227e+00   7.4608293663424234e+00   1.0217070454575705e+01   1.2960474777254461e+01   1.5406154915902107e+01
   1.7576077176491367e-01   3.2288104826460540e-01   5.9089867580668454e-01   1.0668508446104710e+00   1.8914344152855023e+00   3.2289263925442668e+00   5.1943556982650563e+00   7.7151235087583103e+00   1.0530667204861658e+01   1.3292660821549589e+01   1.5743539750000409e+01
   1.7766738879535637e-01   3.2723649992277615e-01   6.0167574534703760e-01   1.0930508992266397e+00   1.9485399399696774e+00   3.3433719302788347e+00   5.3779067890096997e+00   7.9706025333600365e+00   1.0830746738103883e+01   1.3610803899316593e+01   1.6070200409945755e+01
   1.7966935299493514e-01   3.3181742941276582e-01   6.1289530638453016e-01   1.1202244930140921e+00   2.0082646372843556e+00   3.4577669742468373e+00   5.5638594491611286e+00   8.2221134380020402e+00   1.1118242543243440e+01   1.3918175949255783e+01   1.6386124809782146e+01
   1.8176267833580084e-01   3.3659933329823843e-01   6.2463155402993209e-01   1.1483609564979673e+00   2.0699773873808027e+00   3.5740850609379606e+00   5.7518284600436544e+00   8.4734836739887385e+00   1.1415304714947226e+01   1.4213208055210870e+01   1.6671108333652157e+01
   1.8393997877626589e-01   3.4158901092986582e-01   6.3688291596371016e-01   1.1775908422568477e+00   2.1336305711689931e+00   3.6940055742612401e+00   5.9342986145496468e+00   8.7192814255543567e+00   1.1705625803280995e+01   1.4514988497554256e+01   1.6974712646702443e+01
   1.8620959244638868e-01   3.4677086144530733e-01   6.4949650109603851e-01   1.2077828313122581e+00   2.1991667014093395e+00   3.8155244702724218e+00   6.1263909975875492e+00   8.9717573337977825e+00   1.1980662876898180e+01   1.4807715376813348e+01   1.7253883997548030e+01
   1.8856739636960640e-01   3.5216268611938517e-01   6.6281899945451528e-01   1.2390103222630984e+00   2.2670593755662338e+00   3.9382034168216222e+00   6.3205791711216079e+00   9.2107882637352674e+00   1.2242744199188692e+01   1.5079167699413972e+01   1.7534455451117168e+01
   1.9102197353504380e-01   3.5778261633730324e-01   6.7661513679369989e-01   1.2714306240678468e+00   2.3347709671884331e+00   4.0649012649801932e+00   6.5028274987379859e+00   9.4541320682709227e+00   1.2524560581401161e+01   1.5356131171458941e+01   1.7799531514966247e+01
   1.9356718753803648e-01   3.6359028668616133e-01   6.9053194192774470e-01   1.3045725823963181e+00   2.4067345090870447e+00   4.1902297071781049e+00   6.6965425939313832e+00   9.6920496522393051e+00   1.2778062256321476e+01   1.5616930124329841e+01   1.8071830017726455e+01
   1.9621005790726542e-01   3.6958591310326483e-01   7.0514801237231950e-01   1.3390860781973970e+00   2.4784643805111983e+00   4.3200986309520601e+00   6.8849564562551393e+00   9.9295378719992442e+00   1.3029255193966407e+01   1.5879502216206049e+01   1.8329926741016905e+01
   1.5639772826553155e-01   2.7809889107727770e-01   4.8020604561362745e-01   7.9648126513218642e-01   1.2659787086999614e+00   1.9241887743483090e+00   2.7908654657899348e+00   3.8560584555569193e+00   5.0861906974929241e+00   6.4179638370878251e+00   7.7943014570919900e+00
   1.5638384870968025e-01   2.7814731879244903e-01   4.8031801843193023e-01   7.9672159979021728e-01   1.2663020985683602e+00   1.9247026782600329e+00   2.7922124594461764e+00   3.8633266229906695e+00   5.1010319992403765e+00   6.4382084019219405e+00   7.7924402603362779e+00
   1.5641534134559265e-01   2.7828599054151937e-01   4.8065642509747875e-01   7.9721373119737393e-01   1.2674606824878509e+00   1.9278461400876381e+00   2.7994950700972794e+00   3.8781724465769400e+00   5.1269578981795263e+00   6.4790100032541602e+00   7.8529856371587954e+00
   1.5648361489223817e-01   2.7848845794790122e-01   4.8119578720569223e-01   7.9828630272353962e-01   1.2701215388925675e+00   1.9339705782201264e+00   2.8123150623781754e+00   3.9024081636321881e+00   5.1698664293156185e+00   6.5462264792486735e+00   7.9508105489569090e+00
   1.5658726751020424e-01   2.7875545077144182e-01   4.8189274904825652e-01   7.9987048538643535e-01   1.2740007488799563e+00   1.9426157154235284e+00   2.8301777554985392e+00   3.9372058087376303e+00   5.2285980408434227e+00   6.6400616041246110e+00   8.0877532345069199e+00
   1.5672575905044539e-01   2.7909806308188934e-01   4.8274836666588783e-01   8.0194111562548187e-01   1.2790127414419459e+00   1.9536193040875958e+00   2.8530378739185522e+00   3.9805237119943087e+00   5.3044215745094476e+00   6.7571496145772585e+00   8.2540324237650537e+00
   1.5689884102475560e-01   2.7950994695954989e-01   4.8377929609991099e-01   8.0449087212605264e-01   1.2850110271226214e+00   1.9672074417873375e+00   2.8810570132923630e+00   4.0327221833937728e+00   5.3955221207058770e+00   6.8969626586876842e+00   8.4468409605022430e+00
   1.5710639344766264e-01   2.8000308958763753e-01   4.8499966361247004e-01   8.0749462496734736e-01   1.2921239607765358e+00   1.9830411659816889e+00   2.9138327909476374e+00   4.0945102402690594e+00   5.4992893866067050e+00   7.0585373610429514e+00   8.6790348114632394e+00
   1.5734828487495633e-01   2.8056969363004214e-01   4.8639386067073076e-01   8.1095054312942239e-01   1.3003975129845031e+00   2.0015413661075314e+00   2.9521678544759880e+00   4.1657123839699750e+00   5.6163924103108798e+00   7.2327173337754971e+00   8.9217138883457494e+00
   1.5762431649692132e-01   2.8120937104947075e-01   4.8799591677050103e-01   8.1487902336498053e-01   1.3096628702046047e+00   2.0223463378764563e+00   2.9942077394009914e+00   4.2438884448794738e+00   5.7455519076241330e+00   7.4274852142103214e+00   9.1747086214399047e+00
   1.5793416398039994e-01   2.8192467802062993e-01   4.8976346215748379e-01   8.1927565345691278e-01   1.3201271546640072e+00   2.0454721560848697e+00   3.0411491037861254e+00   4.3293686806892566e+00   5.8872170991332524e+00   7.6351401425547607e+00   9.4469099812443744e+00
   1.5827752561460784e-01   2.8271718064206652e-01   4.9171380577320178e-01   8.2412529934477163e-01   1.3317359788612322e+00   2.0708237922811890e+00   3.0932301384810472e+00   4.4259777440190646e+00   6.0397411787889297e+00   7.8581656454532265e+00   9.7312647742113114e+00
   1.5865424218324620e-01   2.8358424457435660e-01   4.9387568125132475e-01   8.2941085702194073e-01   1.3442612259638906e+00   2.0988496992998762e+00   3.1488652797618784e+00   4.5236757522807522e+00   6.2022007435807467e+00   8.0835848133080077e+00   1.0016840433772927e+01
   1.5906396805593204e-01   2.8453635722522108e-01   4.9621533612432245e-01   8.3523355871673743e-01   1.3580442573797740e+00   2.1290741778722833e+00   3.2093917796868681e+00   4.6311376762118925e+00   6.3706195071235356e+00   8.3203803063943127e+00   1.0313172345021044e+01
   1.5950635683101666e-01   2.8555035807488593e-01   4.9875334921694048e-01   8.4145186442439979e-01   1.3725815637870937e+00   2.1612622495055120e+00   3.2727995582969811e+00   4.7447246736553552e+00   6.5503317577851590e+00   8.5599029916775748e+00   1.0610784136422808e+01
   1.5998265131199219e-01   2.8665447541102651e-01   5.0144199493367125e-01   8.4810689200664058e-01   1.3884228866819086e+00   2.1959280257454310e+00   3.3428825417678070e+00   4.8648091992977527e+00   6.7287227907689697e+00   8.8017708811902224e+00   1.0906169161055686e+01
   1.6049036025013663e-01   2.8782245353011149e-01   5.0434276444195802e-01   8.5530753205208043e-01   1.4053490021238417e+00   2.2329628865619497e+00   3.4153376774229685e+00   4.9902504768992344e+00   6.9123869165997149e+00   9.0481155610812749e+00   1.1206049958420749e+01
   1.6103324662262253e-01   2.8906154193067835e-01   5.0742189336891386e-01   8.6281993822058212e-01   1.4234444624422338e+00   2.2709061121281167e+00   3.4908559476148469e+00   5.1181927653312158e+00   7.1127024256817748e+00   9.2998848847576312e+00   1.1495631644015546e+01
   1.6160669697529784e-01   2.9038927762448452e-01   5.1067064863039491e-01   8.7092664039737144e-01   1.4421586972680132e+00   2.3130648531304843e+00   3.5687300807315410e+00   5.2503560631827781e+00   7.3004434198606276e+00   9.5462875241513103e+00   1.1781649905487697e+01
   1.6221391071076141e-01   2.9178067233277716e-01   5.1413160601173047e-01   8.7952507626314969e-01   1.4622201680627001e+00   2.3568497065134295e+00   3.6503455675865411e+00   5.3864221772022063e+00   7.4935309553087990e+00   9.7956320423029126e+00   1.2071008457541964e+01
   1.6285605576669582e-01   2.9325241039573768e-01   5.1779555472211314e-01   8.8851157825655491e-01   1.4831603810334144e+00   2.4006144145063359e+00   3.7350122876808172e+00   5.5248226629805686e+00   7.6920128674663886e+00   1.0042019648073094e+01   1.2350446613308748e+01
   1.6352872199128399e-01   2.9480553041621249e-01   5.2163466098500066e-01   8.9791055789824270e-01   1.5051744996324032e+00   2.4470780036370172e+00   3.8221043185085222e+00   5.6720910398421864e+00   7.8954071726077188e+00   1.0289451935291481e+01   1.2619297062714566e+01
   1.6423372807385306e-01   2.9642737959733267e-01   5.2563950002007687e-01   9.0768037445809568e-01   1.5283223897002074e+00   2.4957609692043548e+00   3.9130722079025873e+00   5.8126243644531570e+00   8.0936037832905328e+00   1.0536995986760886e+01   1.2888820833788714e+01
   1.6497525485350195e-01   2.9813257618081934e-01   5.2983475684510495e-01   9.1800424353304777e-01   1.5516956032619760e+00   2.5465152043632884e+00   4.0066828331387399e+00   5.9597292130788730e+00   8.2979027730986274e+00   1.0781190769160887e+01   1.3153721300174055e+01
   1.6574946097598797e-01   2.9990290436251144e-01   5.3420514712082934e-01   9.2875874437321215e-01   1.5773782818711908e+00   2.5987720303549082e+00   4.1019098679330739e+00   6.1116720373901927e+00   8.4974472071633471e+00   1.1017279424216355e+01   1.3407774959002296e+01
   1.6655445423272397e-01   3.0174883845310774e-01   5.3880883497019738e-01   9.4004238013920371e-01   1.6039330668438083e+00   2.6529578940122178e+00   4.1992663128141743e+00   6.2590907572432428e+00   8.6977918381647896e+00   1.1247882876869710e+01   1.3656264386916988e+01
   1.6739231837669877e-01   3.0367459672706332e-01   5.4362034678428017e-01   9.5172116749532165e-01   1.6304212712913113e+00   2.7082805736605025e+00   4.2993261588495386e+00   6.4111672693776995e+00   8.8978843856828007e+00   1.1484843006791849e+01   1.3903890139945744e+01
   1.6826327244763206e-01   3.0568096087064589e-01   5.4859369576082884e-01   9.6378654890109772e-01   1.6578557460403118e+00   2.7650539314050064e+00   4.3969553231932252e+00   6.5675609161380919e+00   9.1031287645483445e+00   1.1707720505134759e+01   1.4150069744882131e+01
   1.6917024852540408e-01   3.0776149164687183e-01   5.5371412949395449e-01   9.7631893433234040e-01   1.6864191836542659e+00   2.8236482486354930e+00   4.5036833490454171e+00   6.7190282906691294e+00   9.2934247362528311e+00   1.1935262428707773e+01   1.4370440147280775e+01
   1.7011237234248711e-01   3.0992476709867844e-01   5.5901396847630735e-01   9.8924739397969574e-01   1.7160175273673843e+00   2.8835244248423209e+00   4.6062552263543353e+00   6.8770735670728982e+00   9.4934316664959937e+00   1.2165104065516076e+01   1.4608530256779957e+01
   1.7108553560296968e-01   3.1216769988699866e-01   5.6451221792964645e-01   1.0027958194988003e+00   1.7465865246689845e+00   2.9445621620050275e+00   4.7143520745975991e+00   7.0302074111685613e+00   9.6867024110673867e+00   1.2369460123724863e+01   1.4826220516047471e+01
   1.5639772826553155e-01   2.7809889107727770e-01   4.8020604561362745e-01   7.9648126513218642e-01   1.2659787086999614e+00   1.9241887743483090e+00   2.7908654657899348e+00   3.8560584555569193e+00   5.0861906974929241e+00   6.4179638370878251e+00   7.7943014570919900e+00
   1.5638218543024607e-01   2.7812165433923042e-01   4.8025922131759557e-01   7.9666034074382708e-01   1.2661935539920677e+00   1.9244912397691678e+00   2.7914538604696020e+00   3.8602229645379538e+00   5.0956957291184466e+00   6.4305094737233190e+00   7.7818913300047399e+00
   1.5639128199426011e-01   2.7819133444518229e-01   4.8041955538135994e-01   7.9685541970361840e-01   1.2665430009415672e+00   1.9254300322903077e+00   2.7942541267176892e+00   3.8678278098555694e+00   5.1087951807246981e+00   6.4502611322673999e+00   7.8104293676329632e+00
   1.5641888086878453e-01   2.7829882162448882e-01   4.8068782832945089e-01   7.9726854744529874e-01   1.2676030866387435e+00   1.9281559746911370e+00   2.8001916859114857e+00   3.8794573534066217e+00   5.1297396163625564e+00   6.4826663894795047e+00   7.8582179294806167e+00
   1.5646383914136663e-01   2.7843302875987774e-01   4.8104971673251384e-01   7.9798302125618648e-01   1.2693634212195235e+00   1.9322188307642136e+00   2.8086822120491775e+00   3.8958795565661148e+00   5.1575068331422216e+00   6.5276449121390243e+00   7.9241129861006954e+00
   1.5652570422052747e-01   2.7859886613425999e-01   4.8148823924366013e-01   7.9893434973449473e-01   1.2717167106429059e+00   1.9376481466590860e+00   2.8197297534162686e+00   3.9164486128953655e+00   5.1939549463248795e+00   6.5852284559159671e+00   8.0078985137943022e+00
   1.5660424300159548e-01   2.7879741854644635e-01   4.8200111160272741e-01   8.0013294619634223e-01   1.2746106752269100e+00   1.9440317443210802e+00   2.8330510253240817e+00   3.9423248937580411e+00   5.2382641721126504e+00   6.6556943515129063e+00   8.1077906364905346e+00
   1.5669932103762108e-01   2.7903488138956334e-01   4.8258975456741382e-01   8.0154857596953377e-01   1.2780730516193302e+00   1.9515452740259178e+00   2.8488212752296960e+00   3.9722632123389161e+00   5.2914048539060445e+00   6.7367116579575708e+00   8.2227554748146190e+00
   1.5681085856230936e-01   2.7930069052013096e-01   4.8325942987312942e-01   8.0319323819264810e-01   1.2819381943506869e+00   1.9603387772227734e+00   2.8671083748761106e+00   4.0063673240360771e+00   5.3490780725360452e+00   6.8271330289073546e+00   8.3518275815504097e+00
   1.5693881072901661e-01   2.7960472972337413e-01   4.8401450836527715e-01   8.0507045797114074e-01   1.2863702906605283e+00   1.9704236818058831e+00   2.8873808824715894e+00   4.0451148390511946e+00   5.4147679023518265e+00   6.9288904219570782e+00   8.4896929743827343e+00
   1.5708314415495295e-01   2.7994750319676598e-01   4.8486236612683342e-01   8.0716136653192905e-01   1.2913289551034239e+00   1.9812576682931677e+00   2.9103689564151125e+00   4.0878095125024885e+00   5.4872755027422642e+00   7.0389176431395981e+00   8.6542903705292247e+00
   1.5724380939512628e-01   2.8032670192729370e-01   4.8579155795597728e-01   8.0945893573050398e-01   1.2968233462409842e+00   1.9936041355189502e+00   2.9355228222890304e+00   4.1347508878580044e+00   5.5664195925745332e+00   7.1597096331905021e+00   8.8168295737574738e+00
   1.5742077027209689e-01   2.8073780006671711e-01   4.8681390030350258e-01   8.1199568829561031e-01   1.3028998862426988e+00   2.0071671824480575e+00   2.9634142778442083e+00   4.1862938120485467e+00   5.6530033203693790e+00   7.2845733534925898e+00   8.9894350640914382e+00
   1.5761390722057911e-01   2.8118497174308743e-01   4.8793761434026806e-01   8.1473352803561738e-01   1.3093178838037289e+00   2.0215620456264958e+00   2.9926636623779501e+00   4.2408846763205759e+00   5.7408135725599578e+00   7.4202106822506835e+00   9.1651010052587907e+00
   1.5782312221688244e-01   2.8166720232090370e-01   4.8913070977059192e-01   8.1770328319535679e-01   1.3163563730472845e+00   2.0374204194410055e+00   3.0243196752215340e+00   4.2996915839099046e+00   5.8370674205083048e+00   7.5627428633681859e+00   9.3501721922465748e+00
   1.5804836887447493e-01   2.8218835030527600e-01   4.9041400948054559e-01   8.2090030771043132e-01   1.3239551500739850e+00   2.0538415981883702e+00   3.0587334850775676e+00   4.3614872086366034e+00   5.9387414276869350e+00   7.7099257930850200e+00   9.5427186009535063e+00
   1.5828947034316343e-01   2.8274460171867588e-01   4.9178184803379565e-01   8.2429898306787663e-01   1.3321409770674251e+00   2.0717186750237317e+00   3.0950690285607010e+00   4.4289406365569306e+00   6.0451064460693260e+00   7.8653603941115762e+00   9.7405785670500649e+00
   1.5854647757640805e-01   2.8333624538500146e-01   4.9325849478081807e-01   8.2789673950018994e-01   1.3407122145875690e+00   2.0909305986981508e+00   3.1331260033485364e+00   4.4952126753159121e+00   6.1552902294852743e+00   8.0203168993574394e+00   9.9447013333837333e+00
   1.5881912986550617e-01   2.8396609139441864e-01   4.9480873732439079e-01   8.3176468265260439e-01   1.3498982785407208e+00   2.1113969621288646e+00   3.1735454690531668e+00   4.5669554085395845e+00   6.2691332196188654e+00   8.1787683312092128e+00   1.0134761921495965e+01
   1.5910786409635591e-01   2.8463554950231185e-01   4.9647016923547937e-01   8.3584302340238992e-01   1.3594621312289945e+00   2.1322422180349037e+00   3.2153626054853675e+00   4.6424458374144990e+00   6.3882705233146453e+00   8.3450225847490032e+00   1.0341958850808126e+01
   1.5941167181982507e-01   2.8533165720217823e-01   4.9821115460218834e-01   8.4012198691324613e-01   1.3694179009394958e+00   2.1542692296697794e+00   3.2585740659739315e+00   4.7205018170449335e+00   6.5107132536470829e+00   8.5051152175151685e+00   1.0550985616263418e+01
   1.5973118046993307e-01   2.8607184191697854e-01   5.0002626765814284e-01   8.4457943163893390e-01   1.3800787814838458e+00   2.1777326373595542e+00   3.3061465213722840e+00   4.8019777270299357e+00   6.6350214909977154e+00   8.6827295426732434e+00   1.0756409710842291e+01
   1.6006698433643862e-01   2.8684893996202732e-01   5.0191838937466571e-01   8.4929733570562860e-01   1.3912544169728278e+00   2.2019738537273810e+00   3.3549447352817765e+00   4.8857351668884235e+00   6.7604135663420806e+00   8.8473015186280861e+00   1.0960849860771930e+01
   1.6041733523357493e-01   2.8765404767752045e-01   5.0391942117700239e-01   8.5426957888098798e-01   1.4029330509973903e+00   2.2275614451483818e+00   3.4051883964280734e+00   4.9726717768624269e+00   6.8867180578789657e+00   9.0107694911168750e+00   1.1160746557690331e+01
   1.6078445511051598e-01   2.8849622017791887e-01   5.0602540943195606e-01   8.5939433470935001e-01   1.4152507817153435e+00   2.2537604256220050e+00   3.4562260657432802e+00   5.0601527294946749e+00   7.0191411381032509e+00   9.1859062930662390e+00   1.1359104119799028e+01
   1.6116749746828418e-01   2.8936986484458771e-01   5.0817351941049083e-01   8.6470003798149264e-01   1.4278166937134529e+00   2.2804475503389909e+00   3.5089141033640772e+00   5.1482481430879687e+00   7.1552890962032905e+00   9.3600037364142423e+00   1.1565790942760898e+01
   1.6156490907125942e-01   2.9029108813620041e-01   5.1043292861878342e-01   8.7033343816469255e-01   1.4408002754625926e+00   2.3099217314891689e+00   3.5631703229742158e+00   5.2407992797888596e+00   7.2858234630841991e+00   9.5278069343314655e+00   1.1763937687409168e+01
   1.6197787589969437e-01   2.9124273655732225e-01   5.1278827577598918e-01   8.7619889012532326e-01   1.4543907182214326e+00   2.3402713398537571e+00   3.6185950643905613e+00   5.3331933914924150e+00   7.4179743872416282e+00   9.6988513644897125e+00   1.1950456548585649e+01
   1.6240840965681969e-01   2.9222501144633384e-01   5.1523246335830208e-01   8.8225903335010969e-01   1.4685600454605066e+00   2.3700155786414570e+00   3.6759161716425552e+00   5.4295899931666156e+00   7.5566491773128917e+00   9.8755795604673011e+00   1.2151234617176783e+01
   1.6285446511226098e-01   2.9324874091595632e-01   5.1778641719272400e-01   8.8848940174253244e-01   1.4831081951859630e+00   2.4005048677887402e+00   3.7347746678328377e+00   5.5244956257996165e+00   7.6915085466916793e+00   1.0041417047810540e+01   1.2349707276941089e+01
   1.6331519740600697e-01   2.9431174238477809e-01   5.2041730876584325e-01   8.9490367722125086e-01   1.4981096437838630e+00   2.4324067648139476e+00   3.7948439576414046e+00   5.6224946724935450e+00   7.8316628156916011e+00   1.0211697758494353e+01   1.2530759569651238e+01
   1.5639772826553155e-01   2.7809889107727770e-01   4.8020604561362745e-01   7.9648126513218642e-01   1.2659787086999614e+00   1.9241887743483090e+00   2.7908654657899348e+00   3.8560584555569193e+00   5.0861906974929241e+00   6.4179638370878251e+00   7.7943014570919900e+00
   1.5638343286695999e-01   2.7811049445887193e-01   4.8023325770007830e-01   7.9661903014954305e-01   1.2661323068262647e+00   1.9244598786712572e+00   2.7913756094958586e+00   3.8584401852069448e+00   5.0919902862114412e+00   6.4259883622280682e+00   7.7785849773947149e+00
   1.5638369459526302e-01   2.7814603391884418e-01   4.8031508473179940e-01   7.9671887285593357e-01   1.2662933972926709e+00   1.9246979086993719e+00   2.7921592789792555e+00   3.8631854867934976e+00   5.1007741111543226e+00   6.4378324774131812e+00   7.7918300652743966e+00
   1.5639421337407100e-01   2.7820516410788798e-01   4.8045222132567744e-01   7.9689698200418491e-01   1.2666540691099044e+00   1.9257141455294402e+00   2.7949479513334552e+00   3.8692385014568629e+00   5.1116783748580588e+00   6.4541976396302516e+00   7.8165799085326313e+00
   1.5641403186072012e-01   2.7828142972813907e-01   4.8064461919308599e-01   7.9719355737819342e-01   1.2674092275026823e+00   1.9277385770526791e+00   2.7992589442823572e+00   3.8776698821951499e+00   5.1259553021716044e+00   6.4776189135849762e+00   7.8507538156022179e+00
   1.5644277439227494e-01   2.7837326671019014e-01   4.8088691995391741e-01   7.9764717333723922e-01   1.2685808327625949e+00   1.9303776620387225e+00   2.8048812536600565e+00   3.8885449288468976e+00   5.1448542890081512e+00   6.5072242985875022e+00   7.8946570583858033e+00
   1.5648024507406433e-01   2.7847962908177237e-01   4.8117210094629570e-01   7.9823476737590227e-01   1.2699982069702287e+00   1.9336933734451094e+00   2.8117273149612316e+00   3.9013034750805673e+00   5.1677534282883926e+00   6.5428392246810461e+00   7.9458508170921505e+00
   1.5652632648381370e-01   2.7860051114632256e-01   4.8149247290531605e-01   7.9894360490533245e-01   1.2717396484998744e+00   1.9376977652187577e+00   2.8198325441546643e+00   3.9166556757544697e+00   5.1943141421568697e+00   6.5857843780758571e+00   8.0087802807691730e+00
   1.5658094234815678e-01   2.7873980722742431e-01   4.8185127051236520e-01   7.9977371143080234e-01   1.2737783684199684e+00   1.9421134407998863e+00   2.8291448245988988e+00   3.9351057074670166e+00   5.2247368962421916e+00   6.6342165408867544e+00   8.0795664008577290e+00
   1.5664404080794725e-01   2.7889592081037051e-01   4.8225141983276387e-01   8.0072501101297178e-01   1.2760521638650175e+00   1.9472417582173307e+00   2.8396616910178665e+00   3.9547462979950865e+00   5.2596194777922847e+00   6.6907591605687031e+00   8.1548221965256573e+00
   1.5671558603870039e-01   2.7907374079877911e-01   4.8268711144432075e-01   8.0178875375861480e-01   1.2786540143642071e+00   1.9528163785306845e+00   2.8513788639474029e+00   3.9773076983903621e+00   5.2994043841603826e+00   6.7490205805800230e+00   8.2417478051125102e+00
   1.5679555349782959e-01   2.7926444537666839e-01   4.8316888308416139e-01   8.0297363874788630e-01   1.2813903803405537e+00   1.9591505936644040e+00   2.8646531957120942e+00   4.0021019023804740e+00   5.3408246582505541e+00   6.8149819524771260e+00   8.3339291475145387e+00
   1.5688392720127808e-01   2.7947473502544540e-01   4.8369214132213756e-01   8.0427488790955692e-01   1.2845131986125580e+00   1.9660544883895170e+00   2.8787674622566897e+00   4.0280135523826175e+00   5.3873943300058613e+00   6.8851526369160183e+00   8.4321458421047595e+00
   1.5698069346655075e-01   2.7970450871995922e-01   4.8426155877326948e-01   8.0566685907048452e-01   1.2878123473027330e+00   1.9736046590854386e+00   2.8941402363076207e+00   4.0578045071542306e+00   5.4353267333654429e+00   6.9627297734548961e+00   8.5381675039046883e+00
   1.5708584731416408e-01   2.7995396520576321e-01   4.8487818068839772e-01   8.0719988962550815e-01   1.2914259375917680e+00   1.9814629586786481e+00   2.9107672229959576e+00   4.0885792114234505e+00   5.4886364261692506e+00   7.0410933389859736e+00   8.6571126772418694e+00
   1.5719936543531787e-01   2.8022329230884679e-01   4.8553725012865812e-01   8.0882517241880691e-01   1.2952969607536886e+00   1.9901676485743849e+00   2.9283807451544419e+00   4.1215483646582527e+00   5.5450698493287831e+00   7.1293892318683731e+00   8.7732493578771624e+00
   1.5732123177237156e-01   2.8050655814783454e-01   4.8623667638756274e-01   8.1056097529820192e-01   1.2994850444519415e+00   1.9994510695126451e+00   2.9479853196458095e+00   4.1578003449514398e+00   5.6030328577438269e+00   7.2136739733209936e+00   8.8931323254112868e+00
   1.5745141494771531e-01   2.8080813940947280e-01   4.8699118132007868e-01   8.1242743398210848e-01   1.3039810173428208e+00   2.0095029676921285e+00   2.9681735837349947e+00   4.1949184363241869e+00   5.6705109570594061e+00   7.3067909358683494e+00   9.0187726520151159e+00
   1.5758986584735624e-01   2.8112880888470215e-01   4.8779678766847212e-01   8.1439551703799395e-01   1.3085219719263534e+00   2.0197709278823055e+00   2.9891457278479407e+00   4.2338999750496669e+00   5.7300718359209668e+00   7.4035767490027524e+00   9.1433784236106703e+00
   1.5773654845905583e-01   2.8146876200520410e-01   4.8864057801473848e-01   8.1647943541128143e-01   1.3134360876333915e+00   2.0311770093292409e+00   3.0114577117830379e+00   4.2759684718291453e+00   5.7967694294617615e+00   7.5033712478256263e+00   9.2752249932492958e+00
   1.5789153959335067e-01   2.8182523288080574e-01   4.8951850823145548e-01   8.1866961672460548e-01   1.3186533850112170e+00   2.0423735809213781e+00   3.0346907032490691e+00   4.3177946461973136e+00   5.8683841730269677e+00   7.6073070344602058e+00   9.4081979893347807e+00
   1.5805456413207253e-01   2.8220264810563833e-01   4.9044910735339897e-01   8.2098623872676058e-01   1.3241629834518847e+00   2.0543252618990522e+00   3.0596838901079764e+00   4.3633372669861075e+00   5.9414583024154979e+00   7.7138030553722530e+00   9.5482270383722607e+00
   1.5822583278453806e-01   2.8259921305377134e-01   4.9141886629078613e-01   8.2338443038482012e-01   1.3299879466498794e+00   2.0670177951865298e+00   3.0855320110403284e+00   4.4133565354943869e+00   6.0175479774079719e+00   7.8255792294429938e+00   9.6893860830605831e+00
   1.5840504411468714e-01   2.8301219365017971e-01   4.9244440011530344e-01   8.2594150648120035e-01   1.3360240804116188e+00   2.0804373341087938e+00   3.1120431526586287e+00   4.4584162877882534e+00   6.0949062189416452e+00   7.9363152221304034e+00   9.8329816452398404e+00
   1.5859269609487114e-01   2.8344220843133883e-01   4.9352248748175498e-01   8.2854154180164130e-01   1.3422177365538204e+00   2.0942942843511929e+00   3.1399552978640770e+00   4.5072562493100037e+00   6.1752915604493097e+00   8.0480352979896281e+00   9.9754847907767896e+00
   1.5878799640920249e-01   2.8389382552462905e-01   4.9463222997016487e-01   8.3131782416856481e-01   1.3488151608491421e+00   2.1090166162121591e+00   3.1688317192587903e+00   4.5588133749902369e+00   6.2563784691803193e+00   8.1610991734160052e+00   1.0111404301084221e+01
   1.5899133926876630e-01   2.8436751251109627e-01   4.9579661351019411e-01   8.3420571166033142e-01   1.3557042072059176e+00   2.1239076240479449e+00   3.1995706130101951e+00   4.6124271330066478e+00   6.3411212816376832e+00   8.2792583965614739e+00   1.0263243355468660e+01
   1.5920322372797102e-01   2.8485317558983070e-01   4.9702344934107145e-01   8.3719610798262067e-01   1.3625831255644556e+00   2.1391987184952939e+00   3.2284243668946715e+00   4.6669624118394495e+00   6.4264254985735789e+00   8.3955745515615661e+00   1.0412135624967405e+01
   1.5942270331166242e-01   2.8535703721834693e-01   4.9827391257508680e-01   8.4027655449028771e-01   1.3697864699160505e+00   2.1550912120790855e+00   3.2602277282511665e+00   4.7232459878010360e+00   6.5152244173079481e+00   8.5111420884073965e+00   1.0557692853969925e+01
   1.5964990723142591e-01   2.8588256880182428e-01   4.9956803254774229e-01   8.4344922030172143e-01   1.3773744451060139e+00   2.1718534505002651e+00   3.2941215174910639e+00   4.7817993655052788e+00   6.6046374406689665e+00   8.6433695912873247e+00   1.0706617581612065e+01
   1.5988636956819846e-01   2.8643061434080153e-01   5.0089719406450683e-01   8.4674817316488316e-01   1.3851852749872648e+00   2.1888710373652742e+00   3.3287972175854037e+00   4.8398955019975034e+00   6.6935767423598378e+00   8.7541008248635279e+00   1.0845670192366953e+01
   1.5639772826553155e-01   2.7809889107727770e-01   4.8020604561362745e-01   7.9648126513218642e-01   1.2659787086999614e+00   1.9241887743483090e+00   2.7908654657899348e+00   3.8560584555569193e+00   5.0861906974929241e+00   6.4179638370878251e+00   7.7943014570919900e+00
   1.5638561328749745e-01   2.7810484232014687e-01   4.8022002601408076e-01   7.9657864027454650e-01   1.2660698819475584e+00   1.9243915845957531e+00   2.7914555713374227e+00   3.8573337030489085e+00   5.0892761580726074e+00   6.4225701356718616e+00   7.7791102723848553e+00
   1.5638216519094783e-01   2.7812286153127275e-01   4.8026201512975319e-01   7.9666225840234972e-01   1.2662014386048810e+00   1.9244965490692181e+00   2.7914695863700132e+00   3.8603895930062038e+00   5.0959961733883148e+00   6.4307874685590463e+00   7.7823799206762345e+00
   1.5638465863550266e-01   2.7815354075811172e-01   4.8033217294901931e-01   7.9673599971403064e-01   1.2663144840563660e+00   1.9247647454924959e+00   2.7924884036963249e+00   3.8640804981298373e+00   5.1022088188282879e+00   6.4395484028865724e+00   7.7949137566139228e+00
   1.5639227281653234e-01   2.7819611862680915e-01   4.8043082769602563e-01   7.9686935241485912e-01   1.2665791286769519e+00   1.9255235539683042e+00   2.7945013660240932e+00   3.8682834116053471e+00   5.1097879736116596e+00   6.4515000850976492e+00   7.8126084912309040e+00
   1.5640469429430937e-01   2.7824797742626117e-01   4.8055820763788404e-01   7.9705139305218609e-01   1.2670499479077222e+00   1.9268014269801483e+00   2.7972926759185270e+00   3.8740022343729663e+00   5.1191782162773620e+00   6.4669907402067111e+00   7.8353676248104165e+00
   1.5642176050575074e-01   2.7830782862196202e-01   4.8071270911138697e-01   7.9731338240148375e-01   1.2677239444256685e+00   1.9284279545722285e+00   2.8007985900805608e+00   3.8805127767574277e+00   5.1314645347934515e+00   6.4858353161086200e+00   7.8623017494957423e+00
   1.5644337360507166e-01   2.7837496639894255e-01   4.8089162578115463e-01   7.9765689515299698e-01   1.2686054567826233e+00   1.9304288415962958e+00   2.8049916414364162e+00   3.8887992260978450e+00   5.1452091737115353e+00   6.5078123739933460e+00   7.8954948250571562e+00
   1.5646946918683113e-01   2.7844922710673359e-01   4.8109309653462162e-01   7.9806926567685821e-01   1.2695796130343950e+00   1.9327442800889258e+00   2.8097496508990218e+00   3.8977908577551545e+00   5.1611144677681580e+00   6.5327649265562400e+00   7.9316309604816269e+00
   1.5650000222950666e-01   2.7853136183237837e-01   4.8131296803730095e-01   7.9853878885512586e-01   1.2707375086446575e+00   1.9353731237175964e+00   2.8151673311293024e+00   3.9079379894310762e+00   5.1787645927508379e+00   6.5618994444801473e+00   7.9723462917996955e+00
   1.5653493995573342e-01   2.7862342608133872e-01   4.8155283428559414e-01   7.9907357472967533e-01   1.2720503278065820e+00   1.9383943972433144e+00   2.8212879593196476e+00   3.9196018177550798e+00   5.1990867974587900e+00   6.5938278031421191e+00   8.0211790258796754e+00
   1.5657425780484857e-01   2.7872327810119657e-01   4.8180846824098467e-01   7.9967240199465550e-01   1.2735478416496449e+00   1.9415976179512171e+00   2.8279974739072600e+00   3.9327950310017457e+00   5.2208983113160485e+00   6.6282034389160600e+00   8.0707025522346640e+00
   1.5661793703979754e-01   2.7883129284684571e-01   4.8208662414228343e-01   8.0033450687527363e-01   1.2751107708686504e+00   1.9451699750364781e+00   2.8353807219230021e+00   3.9464868632784231e+00   5.2459678977386659e+00   6.6680699139215278e+00   8.1248427270771515e+00
   1.5666596325004889e-01   2.7895041651892427e-01   4.8238414728973567e-01   8.0106089577395778e-01   1.2768706225657240e+00   1.9489274524975997e+00   2.8433450512114433e+00   3.9618345667497579e+00   5.2718684994453895e+00   6.7087779197902933e+00   8.1818941917606480e+00
   1.5671832543482367e-01   2.7908028885474323e-01   4.8270357940931774e-01   8.0182960408781412e-01   1.2787530779314125e+00   1.9530332744307515e+00   2.8518213980062939e+00   3.9781880126303406e+00   5.3007328641701577e+00   6.7511654585304939e+00   8.2450407303994098e+00
   1.5677501519883208e-01   2.7921541388970184e-01   4.8304778393011816e-01   8.0267707862725501e-01   1.2806673164290885e+00   1.9575462044269187e+00   2.8612564451987197e+00   3.9958925955401270e+00   5.3300557483926241e+00   6.7981705345315788e+00   8.3107338789558014e+00
   1.5683602643103711e-01   2.7936056715276436e-01   4.8341437424947742e-01   8.0356079890530907e-01   1.2828408248993810e+00   1.9623287941643639e+00   2.8711514207392241e+00   4.0135031815437827e+00   5.3625864907940723e+00   6.8477707548444187e+00   8.3811184136615964e+00
   1.5690135386704185e-01   2.7951590632797263e-01   4.8379401731837390e-01   8.0452709555798663e-01   1.2850956189928127e+00   1.9674034761558516e+00   2.8814483908365816e+00   4.0334881327872836e+00   5.3968351760571949e+00   6.8990590895663502e+00   8.4493817851421227e+00
   1.5697099374737888e-01   2.7968135369923175e-01   4.8420414904867926e-01   8.0552829451409025e-01   1.2874869421728619e+00   1.9728891547799492e+00   2.8925524699603358e+00   4.0549800792092441e+00   5.4306400034990361e+00   6.9550407540049122e+00   8.5271171828701995e+00
   1.5704494168652161e-01   2.7985659248591332e-01   4.8464300689708750e-01   8.0659929757496229e-01   1.2899998409044144e+00   1.9783548244550957e+00   2.9046501237387901e+00   4.0769654084522671e+00   5.4680127597350605e+00   7.0101406158026691e+00   8.6113951129716355e+00
   1.5712319301296418e-01   2.8004324339921993e-01   4.8510182557080839e-01   8.0773708018374180e-01   1.2926931236108601e+00   1.9843729283140590e+00   2.9163862969655554e+00   4.0994258929953133e+00   5.5074962244742949e+00   7.0737479345170300e+00   8.6964834100221253e+00
   1.5720574588144132e-01   2.8023811010149302e-01   4.8557364337722220e-01   8.0891695664237773e-01   1.2955114813911024e+00   1.9906732982085913e+00   2.9294070415113111e+00   4.1234092380935863e+00   5.5480317045478955e+00   7.1336058485445051e+00   8.7799050820570841e+00
   1.5729258374096844e-01   2.8043988739285908e-01   4.8607166258491930e-01   8.1015370345959070e-01   1.2985290315252200e+00   1.9972750620402167e+00   2.9433969162401041e+00   4.1493056690591175e+00   5.5894823035133072e+00   7.1938416387976076e+00   8.8650557758429898e+00
   1.5738368491570043e-01   2.8065254409743545e-01   4.8660013567510418e-01   8.1146319993841587e-01   1.3016070877904298e+00   2.0043212514461999e+00   2.9577480808270025e+00   4.1759607887710786e+00   5.6335450137236336e+00   7.2581962862358864e+00   8.9542741486900610e+00
   1.5747908403129429e-01   2.8087191483085405e-01   4.8715193655137057e-01   8.1282061261309480e-01   1.3049088977685841e+00   2.0116006645206994e+00   2.9723485461273924e+00   4.2026471452698075e+00   5.6842482866034771e+00   7.3260768620483958e+00   9.0443054219679198e+00
   1.5757870412718944e-01   2.8110282496730576e-01   4.8773110613350923e-01   8.1423778189123652e-01   1.3081557914318296e+00   2.0189507543796452e+00   2.9875393303680937e+00   4.2307124434255456e+00   5.7252647250481061e+00   7.3956259871421111e+00   9.1335417308396245e+00
   1.5768258197273610e-01   2.8134468303649385e-01   4.8832709614306680e-01   8.1570372257485246e-01   1.3116185982733555e+00   2.0268480487158200e+00   3.0030142563244340e+00   4.2604676103360788e+00   5.7721556588641221e+00   7.4675965562975790e+00   9.2299369755635183e+00
   1.5779067499104826e-01   2.8159248029270145e-01   4.8894803136843734e-01   8.1723901382795816e-01   1.3152780840227933e+00   2.0351084742977292e+00   3.0195257630187342e+00   4.2909503649392775e+00   5.8217131423674999e+00   7.5414497940380443e+00   9.3213358134559741e+00
   1.5790301938301354e-01   2.8185194348603204e-01   4.8958422926062894e-01   8.1883218842466476e-01   1.3190475770116450e+00   2.0432116731498695e+00   3.0364077510805600e+00   4.3208982297079928e+00   5.8733862088533186e+00   7.6146755864890565e+00   9.4183951396798875e+00
   1.5801946321252558e-01   2.8212176297280678e-01   4.9025066855490707e-01   8.2050125442704314e-01   1.3229921831475195e+00   2.0516838736919709e+00   3.0543749260070427e+00   4.3530675042908200e+00   5.9260679650443393e+00   7.6917502389957377e+00   9.5176979856086632e+00
   1.5814015872874165e-01   2.8240056420331427e-01   4.9093545337149180e-01   8.2217837349440970e-01   1.3270457463491425e+00   2.0606358484841820e+00   3.0725812791124412e+00   4.3898319989275478e+00   5.9796905802533615e+00   7.7710973421482095e+00   9.6209906092203710e+00
   1.5639772826553155e-01   2.7809889107727770e-01   4.8020604561362745e-01   7.9648126513218642e-01   1.2659787086999614e+00   1.9241887743483090e+00   2.7908654657899348e+00   3.8560584555569193e+00   5.0861906974929241e+00   6.4179638370878251e+00   7.7943014570919900e+00
   1.5638822321065504e-01   2.7810179098057120e-01   4.8021286376611272e-01   7.9653636938103034e-01   1.2660241613642711e+00   1.9243006289619871e+00   2.7914731548674041e+00   3.8566800103138519e+00   5.0876566750637267e+00   6.4202468414530500e+00   7.7817303238137043e+00
   1.5638342545456396e-01   2.7811052511223977e-01   4.8023332932380924e-01   7.9661920608027970e-01   1.2661326276807330e+00   1.9244596369604778e+00   2.7913756175916973e+00   3.8584455852199682e+00   5.0920019479946177e+00   6.4260048527973197e+00   7.7785890269988869e+00
   1.5638216708434527e-01   2.7812522616319768e-01   4.8026747727730879e-01   7.9666673188850723e-01   1.2662041415076146e+00   1.9245155741997024e+00   2.7915084641269630e+00   3.8607368228527861e+00   5.0966527620042825e+00   6.4314931956368895e+00   7.7833203002350757e+00
   1.5638370947432634e-01   2.7814615965996836e-01   4.8031537228601451e-01   7.9671913600185462e-01   1.2662942352164919e+00   1.9246980586183184e+00   2.7921643913784635e+00   3.8631991039009392e+00   5.1007989543371082e+00   6.4378684569687721e+00   7.7918882082995111e+00
   1.5638778965495703e-01   2.7817318552916959e-01   4.8037712206745198e-01   7.9679389834635117e-01   1.2664402986522276e+00   1.9251053899356663e+00   2.7933910392526400e+00   3.8660193584486393e+00   5.1057374594436595e+00   6.4453303956408519e+00   7.8030432603688951e+00
   1.5639427360412128e-01   2.7820542701527984e-01   4.8045287372809753e-01   7.9689784599696623e-01   1.2666564457212814e+00   1.9257200704848998e+00   2.7949618472641760e+00   3.8692697528657050e+00   5.1117250650724628e+00   6.4542780111815006e+00   7.8166895302001933e+00
   1.5640308122908664e-01   2.7824171161142885e-01   4.8054258272152595e-01   7.9702720080278766e-01   1.2669930763649830e+00   1.9266413557606796e+00   2.7969706283121099e+00   3.8732891739623767e+00   5.1180168306786413e+00   6.4651260690856276e+00   7.8321302385320024e+00
   1.5641415986797824e-01   2.7828187449304664e-01   4.8064577332932856e-01   7.9719552825861228e-01   1.2674142276265599e+00   1.9277486652674440e+00   2.7992804922973136e+00   3.8777198344686354e+00   5.1260497674735319e+00   6.4777523563417247e+00   7.8509673257363346e+00
   1.5642747259622070e-01   2.7832563650065367e-01   4.8076185894976220e-01   7.9740300875015180e-01   1.2679528951086780e+00   1.9289518856601404e+00   2.8019456434159054e+00   3.8827017565473909e+00   5.1351259657589736e+00   6.4921341718310259e+00   7.8705912754544158e+00
   1.5644299232504011e-01   2.7837388493293247e-01   4.8088862943170341e-01   7.9765070688300455e-01   1.2685897795364127e+00   1.9303962428515575e+00   2.8049212888895454e+00   3.8886363972349187e+00   5.1449829362415187e+00   6.5074374639475110e+00   7.8949603127883421e+00
   1.5646069846218325e-01   2.7842407801027491e-01   4.8102616263589937e-01   7.9793506973081207e-01   1.2692459668707698e+00   1.9319362611825284e+00   2.8081111938293333e+00   3.8949159391383006e+00   5.1555455462066959e+00   6.5249437759790112e+00   7.9200360255471338e+00
   1.5648057493555712e-01   2.7848049353553961e-01   4.8117452984058673e-01   7.9823979860036332e-01   1.2700102100017148e+00   1.9337202286160391e+00   2.8117844419248712e+00   3.9014104016497129e+00   5.1679466543432397e+00   6.5431580405716403e+00   7.9463096432003510e+00
   1.5650260897227497e-01   2.7853818772744887e-01   4.8133100375848414e-01   7.9857835380079223e-01   1.2708358464011553e+00   1.9355994302133155e+00   2.8156134855489938e+00   3.9087659679289573e+00   5.1802365625781874e+00   6.5645295544207585e+00   7.9756906924178566e+00
   1.5652679020298876e-01   2.7860173772710084e-01   4.8149563499337944e-01   7.9895052289855073e-01   1.2717567592150232e+00   1.9377348034278015e+00   2.8199093606785794e+00   3.9168106629391559e+00   5.1945830078622492e+00   6.5862022676794822e+00   8.0094453391488685e+00
   1.5655311015289897e-01   2.7867096569693217e-01   4.8167182410757903e-01   7.9935443344098189e-01   1.2727243263881576e+00   1.9399081400990070e+00   2.8244131665830992e+00   3.9257125429338089e+00   5.2093716273071919e+00   6.6097681370389978e+00   8.0441431425857246e+00
   1.5658156180698768e-01   2.7874133915209143e-01   4.8185528682182621e-01   7.9978314871056000e-01   1.2738000000974949e+00   1.9421618334571491e+00   2.8292408479278350e+00   3.9353400069450544e+00   5.2250971621934497e+00   6.6347710706138940e+00   8.0803385366353808e+00
   1.5661213933192641e-01   2.7881694587668449e-01   4.8205033127264585e-01   8.0025067204776690e-01   1.2749007331152313e+00   1.9446884876311401e+00   2.8344035935918157e+00   3.9447227752033598e+00   5.2428634043949245e+00   6.6629861760205245e+00   8.1181460819584430e+00
   1.5664483787404038e-01   2.7889789686335575e-01   4.8225649181088670e-01   8.0073715601601236e-01   1.2760810864354255e+00   1.9473015539325900e+00   2.8397908193464190e+00   3.9550075094782073e+00   5.2600421090588867e+00   6.6914331149043278e+00   8.1557698344236229e+00
   1.5667965339956424e-01   2.7898460785885959e-01   4.8247075547817531e-01   8.0126480235914244e-01   1.2773823249941216e+00   1.9500356799583756e+00   2.8457040713657449e+00   3.9661985124481305e+00   5.2799571849132434e+00   6.7198464721521418e+00   8.1981020889209759e+00
   1.5671658258158061e-01   2.7907612275529914e-01   4.8269309988887699e-01   8.0180359997878270e-01   1.2786900022249199e+00   1.9528951799925522e+00   2.8515394794337112e+00   3.9776243283645698e+00   5.2998861729530518e+00   6.7497972150501226e+00   8.2429385505763832e+00
   1.5675562265596454e-01   2.7916913745839622e-01   4.8292926376069545e-01   8.0239259281046316e-01   1.2800024504131926e+00   1.9560183221468748e+00   2.8580775497476338e+00   3.9895521539856844e+00   5.3198285657765751e+00   6.7821731111688734e+00   8.2879663413369258e+00
   1.5679677140526849e-01   2.7926735425296556e-01   4.8317599557391588e-01   8.0299085641560453e-01   1.2814339490967512e+00   1.9592440546143166e+00   2.8648451869731275e+00   4.0024458417667574e+00   5.3414604992559589e+00   6.8159308590305017e+00   8.3353589463403068e+00
   1.5684002704740863e-01   2.7937008625852400e-01   4.8343740664667223e-01   8.0361987889885711e-01   1.2829831178508186e+00   1.9626528351228671e+00   2.8718055548145998e+00   4.0146709280488011e+00   5.3646115297659094e+00   6.8509235661910282e+00   8.3857621578869725e+00
   1.5688538831427934e-01   2.7947822450806825e-01   4.8370066356109476e-01   8.0429607422749427e-01   1.2845616832219520e+00   1.9661666134428231e+00   2.8789892981432246e+00   4.0284699626247829e+00   5.3881415890544417e+00   6.8862682108479163e+00   8.4335588465872462e+00
   1.5693285353451358e-01   2.7959057830004497e-01   4.8397912856574976e-01   8.0498398931767667e-01   1.2861634530230788e+00   1.9699244231310757e+00   2.8864348362933612e+00   4.0433054704149640e+00   5.4119168391925285e+00   6.9239772904989678e+00   8.4829759844489985e+00
   1.5698241993153772e-01   2.7970863525779066e-01   4.8427179071438786e-01   8.0569171481687363e-01   1.2878704428545262e+00   1.9737326537995727e+00   2.8944266959945253e+00   4.0583145343628786e+00   5.4361687717709088e+00   6.9640329711391900e+00   8.5403035960590472e+00
   1.5703408827798171e-01   2.7983088058738304e-01   4.8457941474926258e-01   8.0644007886668589e-01   1.2896287920054164e+00   1.9775457168856718e+00   2.9028089656684983e+00   4.0738048833241720e+00   5.4626498121671716e+00   7.0023563481127979e+00   8.5992281456425275e+00
   1.5708786117417617e-01   2.7995878447612199e-01   4.8488998529586524e-01   8.0722862359299086e-01   1.2914976672121128e+00   1.9816164074466229e+00   2.9110647373671128e+00   4.0891550050463223e+00   5.4896561323828621e+00   7.0427290586114708e+00   8.6592390190473054e+00
   1.5714371963063911e-01   2.8009258595405129e-01   4.8521812483879501e-01   8.0802912488977086e-01   1.2934141346551797e+00   1.9859224270570905e+00   2.9195610896643274e+00   4.1058143658251396e+00   5.5176292814567205e+00   7.0916396044025305e+00   8.7175189663314399e+00
   1.5720168660880063e-01   2.8022868043753135e-01   4.8555048518250032e-01   8.0885852946478565e-01   1.2953747325702807e+00   1.9903507611918485e+00   2.9287528470284911e+00   4.1222226366051160e+00   5.5461408944147479e+00   7.1309170563068136e+00   8.7758399595628447e+00
   1.5639772826553155e-01   2.7809889107727770e-01   4.8020604561362745e-01   7.9648126513218642e-01   1.2659787086999614e+00   1.9241887743483090e+00   2.7908654657899348e+00   3.8560584555569193e+00   5.0861906974929241e+00   6.4179638370878251e+00   7.7943014570919900e+00
   1.5639106508045586e-01   2.7810013382961074e-01   4.8020896883360820e-01   7.9650417540354113e-01   1.2659982007720885e+00   1.9242372267226671e+00   2.7913553199243211e+00   3.8563240821373199e+00   5.0868076952900338e+00   6.4189324773379042e+00   7.7851365752433566e+00
   1.5638625471036960e-01   2.7810386802967457e-01   4.8021774048875443e-01   7.9656836783428275e-01   1.2660558656404675e+00   1.9243674795469587e+00   2.7914618871761547e+00   3.8571264017555507e+00   5.0887598047885092e+00   6.4218596552888556e+00   7.7796287215029025e+00
   1.5638352790108456e-01   2.7811011322795309e-01   4.8023236676573333e-01   7.9661694462431853e-01   1.2661283896692339e+00   1.9244619310239131e+00   2.7913761426629264e+00   3.8583759890351104e+00   5.0918475295830774e+00   6.4257879952920547e+00   7.7785402798866414e+00
   1.5638229399185377e-01   2.7811890945164919e-01   4.8025285838100729e-01   7.9665405576506032e-01   1.2661799053113754e+00   1.9245021124308721e+00   2.7914301074171703e+00   3.8598394031165668e+00   5.0949258808360014e+00   6.4294801678028222e+00   7.7808995953789264e+00
   1.5638232600954893e-01   2.7813033450007651e-01   4.8027923130337058e-01   7.9667960643102731e-01   1.2662270694301299e+00   1.9245377079908224e+00   2.7916231030234826e+00   3.8613526473196629e+00   5.0976881945271089e+00   6.4333964224112776e+00   7.7854847532160818e+00
   1.5638351377913295e-01   2.7814447307173396e-01   4.8031150809781309e-01   7.9671567704401980e-01   1.2662832648904896e+00   1.9246936485527897e+00   2.7920958610500435e+00   3.8630203656295237e+00   5.1004731168851549e+00   6.4373987120254981e+00   7.7911336024225051e+00
   1.5638579281412035e-01   2.7816125161137961e-01   4.8034972023850742e-01   7.9675645141801965e-01   1.2663553065963384e+00   1.9248797457069031e+00   2.7928729257516096e+00   3.8647602742734790e+00   5.1036158819443784e+00   6.4416777454091232e+00   7.7980809839533691e+00
   1.5638912118261317e-01   2.7818042301875323e-01   4.8039390905286439e-01   7.9682184121813293e-01   1.2664733113752789e+00   1.9252594270058694e+00   2.7937280065498413e+00   3.8668913307602537e+00   5.1068155715997534e+00   6.4473871950928441e+00   7.8060238450638764e+00
   1.5639346967171264e-01   2.7820190438664838e-01   4.8044411272427112e-01   7.9688634434238281e-01   1.2666250471871621e+00   1.9256421283232470e+00   2.7947787009055531e+00   3.8688671731187156e+00   5.1111167110644828e+00   6.4532330286799890e+00   7.8152601717277150e+00
   1.5639881690903223e-01   2.7822516651862372e-01   4.8050032389541286e-01   7.9696391514596598e-01   1.2668432003775223e+00   1.9261868031181564e+00   2.7959975181867662e+00   3.8713993218305660e+00   5.1150476493573507e+00   6.4603787204922440e+00   7.8251821994951314e+00
   1.5640514664713123e-01   2.7824975423646947e-01   4.8056253356676848e-01   7.9705820007727368e-01   1.2670666940027928e+00   1.9268468403914198e+00   2.7973818732281188e+00   3.8741403261246745e+00   5.1195222960448774e+00   6.4675109678707088e+00   7.8363772470175661e+00
   1.5641244621079409e-01   2.7827593086520608e-01   4.8063031266357825e-01   7.9716918828077610e-01   1.2673478487411103e+00   1.9276108058453474e+00   2.7989465467371701e+00   3.8770790358924927e+00   5.1248321188527513e+00   6.4760282499179738e+00   7.8481458644810260e+00
   1.5642070543479747e-01   2.7830453218500395e-01   4.8070357006960762e-01   7.9729693477699470e-01   1.2676791573550616e+00   1.9283260507580309e+00   2.8005708849663193e+00   3.8801484368588461e+00   5.1308004310655804e+00   6.4846965935056033e+00   7.8608781041434383e+00
   1.5642991604927658e-01   2.7833325705111633e-01   4.8078201483687621e-01   7.9744156674858857e-01   1.2680534960784939e+00   1.9291670000913257e+00   2.8023890663385629e+00   3.8836068753983000e+00   5.1365555697058767e+00   6.4943470725882548e+00   7.8745507472409741e+00
   1.5644007119742298e-01   2.7836559292056506e-01   4.8086576795898850e-01   7.9760354005294687e-01   1.2684706497584557e+00   1.9301044782857275e+00   2.8043311106749371e+00   3.8874559922998202e+00   5.1432824885835515e+00   6.5046487673237436e+00   7.8910184796840213e+00
   1.5645116512780533e-01   2.7839704158154177e-01   4.8095367482268614e-01   7.9778545509542198e-01   1.2689005827380839e+00   1.9311051140039268e+00   2.8064326821818781e+00   3.8917774792942481e+00   5.1496500016869646e+00   6.5160950272564122e+00   7.9064893555139406e+00
   1.5646319297195532e-01   2.7843118395162492e-01   4.8104484208334952e-01   7.9797317282282165e-01   1.2693390648978067e+00   1.9321601626216562e+00   2.8085630120198743e+00   3.8956732003563417e+00   5.1570942761520939e+00   6.5270747503440845e+00   7.9232721186450306e+00
   1.5647615053538289e-01   2.7846889470096414e-01   4.8114200545740005e-01   7.9817230919822180e-01   1.2698505180086244e+00   1.9333716618267403e+00   2.8109912795467693e+00   3.8999982936498157e+00   5.1654765099551128e+00   6.5390879153799233e+00   7.9404097312184945e+00
   1.5649003422817032e-01   2.7850526772920148e-01   4.8124121440710610e-01   7.9838523468103517e-01   1.2703603810287802e+00   1.9345130950716651e+00   2.8134478506721052e+00   3.9045570182785809e+00   5.1734021090848898e+00   6.5522623837011480e+00   7.9598332629843469e+00
   1.5650484090492967e-01   2.7854403383010151e-01   4.8134647793244767e-01   7.9861239386913496e-01   1.2709214031204539e+00   1.9357948835151575e+00   2.8160157552897118e+00   3.9095005234658657e+00   5.1815375501241476e+00   6.5667427506586620e+00   7.9786327131611046e+00
   1.5652056782319335e-01   2.7858531668844932e-01   4.8145372234108663e-01   7.9885599846103617e-01   1.2715284148799242e+00   1.9371686708722251e+00   2.8187949606657554e+00   3.9147755690710966e+00   5.1907667044323063e+00   6.5808470167716706e+00   8.0002422835646598e+00
   1.5653721257226039e-01   2.7862954514290550e-01   4.8156761594667330e-01   7.9910821738505433e-01   1.2721333905417680e+00   1.9385805271970042e+00   2.8216841505323913e+00   3.9203564181986081e+00   5.2003746814007883e+00   6.5958912588242811e+00   8.0244867996486562e+00
   1.5655477303926091e-01   2.7867508091978266e-01   4.8168279615512688e-01   7.9938132052971866e-01   1.2727872694107276e+00   1.9400526056258229e+00   2.8246957653998521e+00   3.9262875152778491e+00   5.2102290347865221e+00   6.6111876191707921e+00   8.0462091490158087e+00
   1.5657324733122380e-01   2.7872077986691579e-01   4.8180209412925024e-01   7.9965717339982234e-01   1.2735137806557475e+00   1.9415161661337663e+00   2.8278193812512455e+00   3.9324527488671208e+00   5.2203271172497949e+00   6.6273573837266326e+00   8.0694184367196016e+00
   1.5659263378449850e-01   2.7876872532307573e-01   4.8192923789173392e-01   7.9995343867526003e-01   1.2741915350651425e+00   1.9430550103712108e+00   2.8311239239351522e+00   3.9388007228147472e+00   5.2315440969634182e+00   6.6451212735027809e+00   8.0941151652766337e+00
   1.5661293091901030e-01   2.7881890425877032e-01   4.8205527876372400e-01   8.0026189210995824e-01   1.2749293253295235e+00   1.9447534882554578e+00   2.8345332200739932e+00   3.9449585022217235e+00   5.2433115466757130e+00   6.6637567579029877e+00   8.1192413809864945e+00
   1.5663413742116461e-01   2.7887140328226678e-01   4.8218861047696748e-01   8.0057524830313298e-01   1.2756989617169125e+00   1.9465264264332944e+00   2.8380794817236392e+00   3.9515766335376981e+00   5.2545743820941908e+00   6.6824723893586082e+00   8.1428722210086306e+00
   1.5665625213493684e-01   2.7892623676981998e-01   4.8232478492984399e-01   8.0091347538983371e-01   1.2765028104892480e+00   1.9481751501495665e+00   2.8416757731112909e+00   3.9588148143640751e+00   5.2662892782143302e+00   6.7008451937494868e+00   8.1692495703085228e+00
   1.5667927403292481e-01   2.7898365870424868e-01   4.8246826104288232e-01   8.0125912969931790e-01   1.2773690811218614e+00   1.9500064628827261e+00   2.8456383359855977e+00   3.9660761021572455e+00   5.2797423481332402e+00   6.7195301811457426e+00   8.1976321493388156e+00
   1.5670320220432643e-01   2.7904415095196100e-01   4.8261291826271702e-01   8.0160561397124752e-01   1.2782106909486828e+00   1.9518459706843174e+00   2.8494186580449963e+00   3.9734407523935431e+00   5.2933197651344130e+00   6.7395138977174440e+00   8.2273289337775424e+00
   1.5639772826553155e-01   2.7809889107727770e-01   4.8020604561362745e-01   7.9648126513218642e-01   1.2659787086999614e+00   1.9241887743483090e+00   2.7908654657899348e+00   3.8560584555569193e+00   5.0861906974929241e+00   6.4179638370878251e+00   7.7943014570919900e+00
   1.5639411808453474e-01   2.7809928733434219e-01   4.8020697788203393e-01   7.9648823022995430e-01   1.2659849248397137e+00   1.9242042245284949e+00   2.7910610283405362e+00   3.8561430342114420e+00   5.0863859934858908e+00   6.4182710398971921e+00   7.7893960967474243e+00
   1.5639035267726342e-01   2.7810047664799242e-01   4.8020977487291816e-01   7.9651101420574832e-01   1.2660035758647581e+00   1.9242505814572439e+00   2.7914038275444284e+00   3.8563975489415441e+00   5.0869804882901661e+00   6.4192025539431228e+00   7.7841855359856851e+00
   1.5638746440029649e-01   2.7810246085782353e-01   4.8021443720794821e-01   7.9654769294984362e-01   1.2660345842467535e+00   1.9243243125534804e+00   2.7914926096805033e+00   3.8568243118471344e+00   5.0880102948429027e+00   6.4207773809359452e+00   7.7808393878429456e+00
   1.5638538272978053e-01   2.7810524315982832e-01   4.8022096593064134e-01   7.9658332118548003e-01   1.2660751832681996e+00   1.9243975029200158e+00   2.7914656663697315e+00   3.8574165786227894e+00   5.0894942459803190e+00   6.4228731487819317e+00   7.7789508768816376e+00
   1.5638389043101597e-01   2.7810882842089768e-01   4.8022936251570059e-01   7.9661100617957459e-01   1.2661172989256784e+00   1.9244444295533043e+00   2.7913866482183494e+00   3.8581308523710334e+00   5.0912401520659643e+00   6.4250907177590619e+00   7.7784456699349391e+00
   1.5638288791667776e-01   2.7811322373270286e-01   4.8023962892307281e-01   7.9663281726443813e-01   1.2661527493120275e+00   1.9244769485913906e+00   2.7914119428230748e+00   3.8589188358994875e+00   5.0931007788441605e+00   6.4272451032503994e+00   7.7791189419663453e+00
   1.5638232238752892e-01   2.7811843963934280e-01   4.8025176761900923e-01   7.9665107009208214e-01   1.2661786633041743e+00   1.9244966383670032e+00   2.7914279027480404e+00   3.8597647473304164e+00   5.0948066386960846e+00   6.4292878914483254e+00   7.7807169695810501e+00
   1.5638216099615931e-01   2.7812449172178333e-01   4.8026578163937472e-01   7.9666524252392890e-01   1.2662029463493383e+00   1.9245086703900398e+00   2.7914953045150241e+00   3.8606241801694665e+00   5.0964992440545700e+00   6.4312563964813734e+00   7.7830853420758643e+00
   1.5638238144923378e-01   2.7813139778739071e-01   4.8028167467772676e-01   7.9668292035995592e-01   1.2662335893564887e+00   1.9245409075394804e+00   2.7916515455010398e+00   3.8614926984829481e+00   5.0979195687747847e+00   6.4335472542364300e+00   7.7858250290108657e+00
   1.5638296769853355e-01   2.7813917474956895e-01   4.8029945118119599e-01   7.9670603114432481e-01   1.2662538970073882e+00   1.9246149445782947e+00   2.7918968747558921e+00   3.8624020318888341e+00   5.0995631755553603e+00   6.4356040024713224e+00   7.7890894006340545e+00
   1.5638390769366595e-01   2.7814780102852410e-01   4.8031911651236214e-01   7.9672264425342121e-01   1.2663021884071526e+00   1.9247057315233178e+00   2.7922328938811205e+00   3.8633806338711736e+00   5.1011310783947721e+00   6.4383565311920705e+00   7.7926795508494848e+00
   1.5638519208863499e-01   2.7815727452745875e-01   4.8034067717013329e-01   7.9674556936159036e-01   1.2663324222830141e+00   1.9248168336680180e+00   2.7926716800044602e+00   3.8644260440140528e+00   5.1030008977706274e+00   6.4405639564908768e+00   7.7964083226512315e+00
   1.5638681345467376e-01   2.7816753566207808e-01   4.8036414074442746e-01   7.9677528029985467e-01   1.2663975941113534e+00   1.9249924030303731e+00   2.7931400730883098e+00   3.8653819433697123e+00   5.1046930825809937e+00   6.4439052679790620e+00   7.8007871010381109e+00
   1.5638876575999916e-01   2.7817850678594880e-01   4.8038951585802181e-01   7.9681375825066425e-01   1.2664643910986655e+00   1.9252176547655466e+00   2.7936368652577386e+00   3.8667030298104237e+00   5.1065010533340711e+00   6.4468126436392623e+00   7.8051785875296389e+00
   1.5639104401621751e-01   2.7819018033277132e-01   4.8041680783602203e-01   7.9685209349301545e-01   1.2665346239399469e+00   1.9254087429938807e+00   2.7941959396180067e+00   3.8677254544170552e+00   5.1085690661991947e+00   6.4499994180277440e+00   7.8099656346423956e+00
   1.5639364404972866e-01   2.7820267109311203e-01   4.8044602330544706e-01   7.9688883338073424e-01   1.2666317963419544e+00   1.9256588041837688e+00   2.7948179450289814e+00   3.8689523912196648e+00   5.1112451261926992e+00   6.4534544203533670e+00   7.8155640731184661e+00
   1.5639656231077481e-01   2.7821534292422712e-01   4.8047716043940625e-01   7.9693092272027855e-01   1.2667495300178615e+00   1.9259553360076325e+00   2.7955118762519504e+00   3.8704466401105577e+00   5.1135742000187037e+00   6.4572440014334092e+00   7.8208609692358806e+00
   1.5639979576123153e-01   2.7822898624677350e-01   4.8051020227909191e-01   7.9697834753903862e-01   1.2668849240363755e+00   1.9262868671417834e+00   2.7962125921631866e+00   3.8718322961618128e+00   5.1156777665995747e+00   6.4616700543848395e+00   7.8265594877539968e+00
   1.5640334176521264e-01   2.7824271986530391e-01   4.8054511366525787e-01   7.9703109940808758e-01   1.2670019600101199e+00   1.9266671947219862e+00   2.7970268142759807e+00   3.8734003596215842e+00   5.1182107934374557e+00   6.4654204645334659e+00   7.8326307484800708e+00
   1.5640719802567560e-01   2.7825772025211393e-01   4.8058186443464024e-01   7.9708917673296753e-01   1.2671425203305802e+00   1.9270563106341285e+00   2.7978049280725230e+00   3.8749377532810456e+00   5.1210733091731129e+00   6.4699331632103281e+00   7.8399374518354108e+00
   1.5641136252123999e-01   2.7827217789995018e-01   4.8062055384539804e-01   7.9715258280879198e-01   1.2673032854339965e+00   1.9275056151773526e+00   2.7987258614944608e+00   3.8766967785779656e+00   5.1240521743880691e+00   6.4749956519246439e+00   7.8464102746397941e+00
   1.5641583345916388e-01   2.7828771325155799e-01   4.8066086975822486e-01   7.9722132704490889e-01   1.2674801932866302e+00   1.9278883126124811e+00   2.7995885973526384e+00   3.8783464548123447e+00   5.1273250982643930e+00   6.4795476783821329e+00   7.8538531370224405e+00
   1.5642060925300427e-01   2.7830423148235184e-01   4.8070273752085768e-01   7.9729543805800063e-01   1.2676750526000831e+00   1.9283169089941197e+00   2.8005506469375945e+00   3.8801114645074364e+00   5.1307421492505796e+00   6.4845804934218165e+00   7.8607452866988012e+00
   1.5642568847209759e-01   2.7832007746296483e-01   4.8074672722890455e-01   7.9737493144131122e-01   1.2678806045146445e+00   1.9287989697645145e+00   2.8015978527532468e+00   3.8819892872856059e+00   5.1341307280213329e+00   6.4902938545217950e+00   7.8678576385520387e+00
   1.5643106983525001e-01   2.7833686263133472e-01   4.8079155991720768e-01   7.9745984787419388e-01   1.2681017757737436e+00   1.9292704477515770e+00   2.8025909322947058e+00   3.8840354395319423e+00   5.1372532779557503e+00   6.4954850924409016e+00   7.8765089574074523e+00
   1.5643675218665010e-01   2.7835483639729830e-01   4.8083884211349925e-01   7.9755028889803725e-01   1.2683372204154040e+00   1.9297958694078403e+00   2.8036619372868330e+00   3.8862102013077475e+00   5.1410163096483785e+00   6.5015381257213960e+00   7.8862653786254242e+00
   1.5644273447672674e-01   2.7837315345870195e-01   4.8088660710669728e-01   7.9764652636185929e-01   1.2685791950348602e+00   1.9303742624261844e+00   2.8048739333851529e+00   3.8885282779180699e+00   5.1448307794745887e+00   6.5071853407209801e+00   7.8946016883850376e+00
   1.5644901574509618e-01   2.7839095465998298e-01   4.8093659706664482e-01   7.9774937671690793e-01   1.2688148687701073e+00   1.9309160447212435e+00   2.8060309214537256e+00   3.8910376691294175e+00   5.1483823768045056e+00   6.5136824231074826e+00   7.9033706113970510e+00
   1.5645559512107354e-01   2.7840959114932673e-01   4.8098790456381835e-01   7.9785699357108797e-01   1.2690594089277454e+00   1.9314882755818275e+00   2.8072049583906420e+00   3.8933511604189874e+00   5.1524114591761787e+00   6.5208168259432000e+00   7.9131572669083852e+00
   1.5646247181604167e-01   2.7842912726050884e-01   4.8103941816151519e-01   7.9796219563101545e-01   1.2693119968287192e+00   1.9320950179255760e+00   2.8084310606842564e+00   3.8954469185565159e+00   5.1566402801016551e+00   6.5264472185054530e+00   7.9223126092813345e+00
